00000000000000000000000000000000000000000000000000000000000000000000000000000000000000000000000000000000000000000000000000000000000000000000000000000000000000001100000000000000000000000000000000000000000000000000000000000000000000000000000000000000000000000000000000000000000000000000000000000000000000000000000000000000000000000000000000000000000000000000000000000000000000000000000000000000000000000000000000000000000000000000000000000000000000000000000000000000000000000000000000000000000000000000000000000000
00011110000000000000000000000000000000000000000000000000000000000000000000000000000000000000000000000000000000000000000000000000000000000000000000000000000000011000000000000000000000000000000000000000000000000000000000000100000000000000000000000000000000000000000000000000000000000000000000000000000000000000000000000000000000000000000000000000000000000000000000000000000000000000000000000000000000000000000000000000000000000000000000000000000000000000000000000000000000000000000000000011100000000000000000000000
00111110000000000000000000000000000000000000000000000000000000000000000000000000000000000000000000000000000000000000000000000000000000000000000000000000000000011000000000000000000000000000000000000000000000000000000000000100000000000000000000000000000000000000000000000000000000000000000000000000000000000000000000000000000000000000000000000000000000000000000000000000000000000000000000000000000000000000000000000000000000000000000000000000000000000000000000000000000000000000000000000011110000000000000000000000
00110001000000000000000000000000000000000000000000000000000000000000000000000000000000000000000000000000000000000000000000000000000000000000000000000000000000011000000000000000000000000000000000000000000000000000000000000100000000000000000000000000000000000000000000000000000000000000000000000000000000000000000000000000000000000000000000000000000000000000000000000000000000000000000000000000000000000000000000000000000000000000000000000000000000000000000000000000000000000000000000000111110000000000000000000000
01100001100000000000000000000000000000000000000000001000000000000000000000000000000000000000000000000000000000000000000000000000000000000000000000000000000000011100000000000000000000000000000000000000000000000000000000000100000000000000000000000000000000000000000000000000000000000000000000000000000000000000000000000000000000000000000000000000000000000000000000000000000000000000000000000000000000000000000000000000000000000000000000000000000000000000000000000000000000000000000000001111111000000000000000000000
01100000100000000000000000000000000000000000000000001000000000000000000000000000000000000000000000000000000000000000000000000000000000000000000000000000000000001111100000000000000000000000000000000000000000000000000000000100000000000000000000000000000000000000000000000000000000000000000000000000000000000000000000000000000000000000000000000000000000000000000000000000000000000000000000000000000000000000000000000000000000000000000000000000000000000000000000000000000000000000000000011111111000000000000000000000
11000000100000000000000000000000000000000000000000001000000000000000000000000000000000000000000000000000000000000000000000000000000000000000000000000000000000000000111111111100000000000000000000000000000000000000000000000100000000000000000000000000000000000000000000000000000000000000000000000000000000000000000000000000000000000000000000000000000000000000000000000000000000000000000000000000000000000000000000000000000000000000000000000000000000000000000000000000000000000000000000011111101100000000000000000000
10000000011000000000000000000000000000000000000000001000000000000000000000000000000000000000000000000000000000000000000000000000000000000000000000000000000000000000000000000000000000000000000000000000000000000000000000000100000000000000000000000000000000000000000000000000000000000000000000000000000000000000000000000000000000000000000000000000000000000000000000000000000000000000000000000000000000000000000000000000000000000000000000000000000000000000000000000000000000000000000000111111110110000000000000000000
10000000011000000000000000000000000000000000000000011000000000000000000000000000000000000000000000000000000000000000000000000000000000000000000000000000000000000000000000000001110000000000000000000000000000000000000000001100000000000000000000000000000000000000000000000000000000000000000000000000000000000000000000000000000000000000000000000000000000000000000000000000000000000000000000000000000000000000000000000000011111111110000000111111111111000000000000000000000000000000000001111111111011000000000000000000
10000000001000000000000000000000000000000000000000110000000000000000000000000000000000000000000000000000000000000000000000000000000000000000000000000000000000000000000000000000111000000000000000000000000000000000000000111000000000000000000000000000000000000000000000000000000000000000000000000000000000000000000000000000000000000000000000000000000000000000000000000000000000000000000000000000000000000000000000000011111110000011111011100000000001111000000000000000000000000000000011111111111111100000000000000000
00000000001100000000000000000000000000000000000011100000000000000000000000000000000000000000000000000000000000000000000000000000000000000000000000000000000000000000000000000000011110000000000000000000000000000111111111110000000000000000000000000000000000000000000000000000000000000000000000000000000000000000000000000000000000000000000000000000000000000000000000000000000000000000000000000000000000000000000000001111100000000001111000000000000000111110000000000000000000000000000111111111111101100000000000000000
00000000001100000000000000000000000000000001111111000000000000000000000000000000000000000000000000000000000000000000000000000000000000000000000000000000000000000000000000000000000111110000000000011100000000000011111110000000000000000000000000000000000000000000000000000000000000000000000000000000000000000000000000000000000000000000000000000000000000000000000000000000000000000000000000000000000000000000000000011100000000000000000000000000000000000111000000000000000000000000001111111111111110110000000000000000
00000000000110000000000000000000000000001111111100000000000000000000000000000000000000000000000000000000000000000000000000000000000000000000000000000000000000000000000000000000000001111100000001111110000000000000011000000000000000000000000000000000000000000000000000000000000000000000000000000000000000000000000000000000000000000000000000000000000000000000000000000000000000000000000000000000000000000000000000011000000000000000000000000000000000000001100000000000000000000000001111111111110100010000000000000000
00000000000111100000000000000000000001111110000000000000000000000000000000000000000000000000000000000000000000000000000000000000000000000000000000000000000000000000000000000000000000001111111111000011111000000000110000000000000000000000000000000000000000000000000000000000000000000000000000000000000000000000000000000000000000000000000000000000000000000000000000000000000000000000000000000000000000000000000000011000000000000000000000000000000000000000100000000000000000000000011111111111110000011000000000000000
00000000000111010000000000000000000001100000000000000000000000000000000000000000000000000000000000000000000000000000000000000000000000000000000000000000000000000000000000000000000000000000000000000000001111111111100000000000000000000000000000000000000000000000000000000000000000000000000000000000000000000000000000000000000000000000000000000000000000000000000000000000000000000000000000000000000000000000000000011000000000000000000000000000000000000000111000000000000000000000111111111111111000001100000000000000
00000000000001011000000000000000000000011000000000000000000000000000000000000000000000000000000000000000000000000000001000000000000000000000000000000000000000000000000000000000000000000000000000000000000000000000000000000000000000000000000000000000000000000000000000000000000000000000000000000000000000000000000000000000000000000000000000000000000000000000000000000000000000000000000000000000000000000000000000011000000000000000000000000000000000000000000111000000000000000001111111111111111000000110000000000000
00000000000001111110000000000000000000001100000000000000000000000000000000000000000000000001100000000000000000000000111100000000000000000000000000000000000000000000000000000000000000000000000000000000000000000000000000000000000000000000000000000000000000000000000000000000000000000000000000000000000000000000000000000000000000000000000000000000000000000000000000000000000000000000000000000000000000000000000000011000000000000000000000000000000000000000000011100000000000000001111111111111110000000010000000000000
00000000000001110110000000000000000000001100000000000000000000000000000000000000000000000001100000000000000000000001111110000000000000000000000000000000000000000000000000000000000000000000000000000000000000000000000000000000000000000000000000000000000000000000000000000000000000000000000000000000000000000000000000000011111111000000000000000000000000000000000000000000000000000000000000000000000000000000000011111000000000000000000000000000000000000000000000110000000000000011111111111111111000000011000000000000
00000000000000110011000000000000000000011000000000000000000000000000000000000000000000000001100000000000000000000011101111000000000000000000000000000000000000000000000000000000000000000000000000000000000000000000000000000000000000000000000000000000000000000000000000000000000000000000000000000000000000000000000000000101111111110000000000000000000000000000000000000000000000000000000000000000000000000000111111110000000000000000000000000000000000000000000000011000000000000111111111111111101000000001100000000000
00000000000000110001110000000000000000111000000000000000000000000000000000000000000000000001100000000000000000000111001011100000000000000000000000000000000000000000000000000000000000000000000000000001110000000000000000000000000000000000000000000000000000000000000000000000000000000000000000000000000000000000000000001100000000111100000000000000000000000000000000000000000000000000000000000000000000000101111000000000000000000000000000000000000000000000000000001100000000001111111111111111001000000001110000000000
00000000000000011000110100000000000001110000000000000000000000000000000000000000000000000001100000000000000000001110000100110000000000000000000000000000000000000000000000000000000000000000000000000011111000000000000000000000000000000000000000000000000000000000000000000000000000000000000000000000000000000000000000011000000000000110000000000000000000000000000000000000000000000000000000000000000000000111000000000000000000000000000000000000000000000000000000000100000000011111111111111111000000000000110000000000
00000000000000011000011111111100111111000000000000000000000000000000000000000000000000000001100000000000000000001000000100011000000000000000000000000000000000000000000000000000000000000000000000000110101100000000000000000000000000000000000000000000000000000000000000000000000000000000000000000000000000000001111100110000000000000011000000000000000000000000000000000000000000000000000000000000000000011000000000000000000000000000000000000000000000000000000000000110000000111111111111101111000000000000011000000000
00000000000000011000001110001111110000000000000000000000000000000000000000000000001001100001100100000000000000010000000100000100000000000000000000000000000000000000000000000000000000000000000000011100100110000000000000000000000000000000000000000000000000000000000000000000000000000000000000000000000000000111011110110000000000000001100000000000000000000000000000000000000000000000000000000000000001100000000000000000000000000000000000000000000000000000000000000010000000111111111111101111100000000000001100000000
00000000000000001100001111000000000000000000000000000000000000000000000000000000001101100001101100000000000000100000000100000010000000000000000000000000000000000000000000000000000000000000000000110000100011000000000000000000000000000000000000000000000000000000000000000000000000000000000000000000000000011000000000000000000000000000010000000000000000000000000000000000000000000000000000000000000011000000000000000000000000000000000000000000000000000000000000000000000001111111111111011111100000000000000100000000
00000000000000001100001111100000000000000000000000000000000000000000000000000000000111100001111100000000000011100000000110000011000000000000000000000000000000000000000000000000000000000000000011100000101111110000000000000000000000000000000000000000000000000000000000000000000000000000000000000000000000010000000000000000000000000000010000000000000000000000000000000000000000000000000000000000000010000000000000000000000000000000000000000000000000000000000000000110000011111111111111011011000000000000000110000000
11111111111110001100001111111100000000000000000000000000000000000000000000000000000111100001111100000011111111000011000010000001100000000000000000000000000000000000000000000000000000000000000110000000100110011000000000000000000000000000000000000000000000000000000000000000000000000000000000000000000000110000000000000000000000000000010000000000000000000000000000000000000000000000000000000000000100000000000000000000000000000000000000000000000000000000000000001100000001111111111111111100000000000111111110000000
11111111111111111110000111011111111100000000000000000000000000000000000000000000000111100001111000000111111100000011000010001001100000000000000000000000000000000000000000000000000000000000011100000000100011011000000000000000000000000000000000000000000000000000000000000000000000000000000000000000000001100000000000000000000000000000010000000000000000000000000000000000000000000000000000000000000010000000000000000000000000000000000000000000000000000000000000111000000000111111111111111111111111111111111100000000
00000000000001111110000011100011111110000000000000000000000000000000000000000000000011100001111000001100000000000110000010001101110000000000000000000000000000000000000000000000000000000000111000000000100011101110000000000000000000000000000000000000000000000000000000000000000000000000000000000000000000110000000000000000000000000000000111000000000000000000000000000000000000000000000000000000000011000000000000000000000000000000000000000000000000000000000000110000000000110000000001001111111111110110110000000000
00000000000000000111100000110000000011000000000000000000000000000000000000000000000011100001111000011000000000000110000011000110011000000000000000000000000000000000000000000000000000000001100000000000100000110111100000000000000000000000000000000000000000000000000000000000000011000000000000000000000000010000000000000000000000000000000000001111100000000000000000000000000000000000000000000000000001100000000000000000000000000000000000000000000000000000000110000000000000110001110011100000000011100111110000000000
11111111111111000000111000011100000001110000000000000000000000000000000000000000000001100001110000110000000011001100000011000011001110000000000000011111100000000000000000000000000000000110000010000000100000011001110000000000000000000000000000000000110000000010000000000000001111111000000000000000000000011000000000000000000000000000000000000000111100000000000000000000000000000000000000000000000000110000000000000000000000000000000000000000000000100000000110000000000000110011011110100111100111111011110000000000
00000000000001111110001000000110000000011000000000000000000000000000000000000000000001100001110001110000000011001000000011000001100011000000000001110011110000000000000000000000000000001100000110000001100111000110001100000000000000000000000000000000110000000110000000000000011011001111000000000000000000000110000000000000000000000000000000000000000011000000000000000000000000000000000000000000000000011110000000000000000000000000000000000000000001111000000010000000000000110010011100101101101100111001110000000000
00000000000000000110000100000001100000001100000000000000000000000000000000000000000000110001110011110000000111011000000011000000111000111110000001100011011000000000000000000000000000111000110100000001000001100011000110000000000000000000000000000000110000000110000000000001100011001101110000000000000000000000000000000000000000000000000000000000000001100000000000000000000000000000000000000000000000000011111000000000000000000000000000000000000001111000000110000000000000110010011100101100101000111001110000000000
00000000000000000110000110000001000000001110000000000000000000000000000000000000000000010001110111110001100110110000000010000110011100111111100111000011001100000000000000000000000001110000110100000111000011111011110110000000000000000000000000000000110000000110000000001111100011001111111000000000000000000000000000000000000000000000000000000000000000110000000000000000000000000000000000000000000000000000111100000000000000000000000000000000000011001100000110000000001111111111111111111111111111111001110000000000
00000000000000000111111111100000000000000110000000000000000000000000000000000000000000011001111101110011100111100000000110000010001100000011111110000011000111000000000000000000000011100001000100001110000011111100111010000000000000000000000000000000011000000110000000111110001001100011111100000000000000000000000001000000000000000000000000000000000000011000000000000000000000000000000000000000000000000000000100000000000000000000000000000000000110001110000110000000001111111111111111111111111111111111111111000000
00000000000000000111111111110000000000000011000000000000000000000000000000000000000000001011111001100011000111100000000110001011000000000000111000000011000011100000000000000000001110000001001100001100000001111110011010000000000000000000000000000000011000000110000011110110011001110011111110000000000000001000000011100000000000000000000000000000000000011000000000000000000000000000000000000000000000000000000110000000000000000000000000000000001110000111011100000000001000000000000000000000000000011111111111100000
00000000000000000111111111111100000000000001100000000000000000000000000000000000000000001111110001100110001111000000000100011111100000000000000000000011000001110000000000000000011100000001101100001100000000011111100011100000000000000000000000000000001100000110001111000110011010111011111111000000000000001000000011100000000000000000000000000000000000001000000000000000000000000000000000000000000000000000000011000000000000000000000000000000001111000011111000000000001000001100111100110001100100011000111001000000
00000000000000000111111000111110000000000000100000000000000000000000000000000000000000011111110001101100011100000000001000000111111000000000000011100011001100111000000000000001110000000001111000001100000000001100110001111111000000000000000000000000001100000100111000000011110010011001111101100000000000001000000011000000000000000000000000000000000000001100000000000000000000000000000000000000000000000000000001110000000000000000000000000001111000000001000000000000001000011100111100111011100110011000111001100000
00000000000000000111111111000111110000000000011000000000000000000000000000000000000111110111110001111101100000000110001100000010011100111111111100000011000110011100000000001111000000000001111000011000000110000011001100000001110000000000000000000000000110001111100000000011110011111000001111111000000000001100000111000000000000000000000000000000000000001100000000000000000000000000000000000000000000000000000000001111111111100000000000001110111100000001100000000000000000011010111101110111101111010100111001100000
00000000000000000111111111110000111000000000001100000000000000000000000000000000111100000111110001111110000000011110011100111011000000000011100000000110000011101100000000011000000000000011110000110000000111111001110000000000011100000000000000000000000011011110000000000011110111110100011111111100000000001110000111000000000000000000000000000000000000001100000000000000000000000000000000000000000000000000000000000000000000011100000111111001110111100000110000000000000000011010111101000111101111010100011001100000
00000000000000000110011111111000000000000000000110000000000000000000000000000111000000000111110001111100000000111110111100011111100000000000000000001100000000110110000000011000000000000111000000110000000011111111111000000000000111000000000000000000000001111110100000000111100111100100111111111110000000001110000110000000000000000000000000000000000000001100000000000000000000000000000000000000000000000000000000000000000000000111111110000001100000000000011000000000000000011110101101000111100111010101011001000000
00000000000000000110001111111110000000000000000011000000000000000000000011111111000011000011110011111100000001101111110110001111110000000000001100011000001000011111000000010000000000011100000000011000001111111111111110000000000011100000000000000000000001111101100001101111101111100111111111111111100000000110000110000000000000000000000000000000000000001000000000000000000000000000000000000000000000000000000000000000000000000011111000000011110000000000011100000000000100001110111101111111100111011101111001000000
00000000000001010110001111110111100000000000000011100000000000000000110111110000000011000011110011111010000011001111000011000111111000000000111100110000011100001111100000100000000000111000000000001100001111111111011110000100000001111100000000000000000001111101100001111011101111100011011111111111110000000111001110000000000000000000000000000000000000000101010000000000000000000000000000000000000000000000000000000000000000000000000000000111111011000000001100000000000100001110111100110011100111001100111011000000
00000000000011111110011111111011110000000000000001110000000000000011111110000000000011100011110011110010000110011110000011100111111000000001110001110000111100000110110000100000000000110000000000001100000001111111100000000110000000011110000000000000000011111101000001110011101111100011000111111111111100000111001110000000000000000000000000000000000000000111111000000000000000000000000000000000000000000000000000000000000000000000000000000110001111100000000110000000000110000000000000000001100000000000010110000000
00000000000011001110000111111110110000000000000000011000000000011110000011000000000001100011111111100110001100011110010001110011110000111111110011100001111110000011011101100000000000100000000000000110000000001111100000000010000110000111000000000000110010111111000001110011111101100111001111111111101111111011111110000000000000000000000000000000000000000000001100000000000000000000000000000000000000000000000000000000000000000000000000001100000000000000000111000000000011100000000000000000000000000000011100000000
00000000000110001111000001111111100000000000000000000110000001110000000001000000000001100011111111100010011000011100110000110001111000000011100011000011110011100000100111000000000000000000000100000011000000000001110000000001100110000111110000000001111110011110000111011011111001101101101111111111111000111111111110000000000000010000000000000000000000000000000110000000000000000000000000000000000000000000000000000000000000000000000000011100000000000000000011000000000000111101110011100000000000000000110000000000
00000000000010001111110000011111111000000000000000000011111110000000000000100000000111111111111111000100111000011001100000011001111000001111101110011111110001100000011110000000000000000110001100000000111000000000001110000000110110000110001100000001111011011110111100011011110001111001110000111111111111110001111100001000000011100000000000000000000000000000000000000000000000000000000000000000000000000000000000000000000000000000000000001111111111111111111110000000000000111111111011101111111100000000110000000000
00000000001100001110011100000111111111000000000000000001111000000000000000110011111111110011111111001101110110011011100000001100111000000011101100011100000000000000111100000000010000011100011000000000001111100000011011000000011110000110000111000111100001111110111100001111110001110001100110011111111111110001111110011000001110000000000000000100000000000000000000000000000000000000000000000000000000000000000000000000000000000000000000000011111001111000001100000000000000111111111111111111111110000000110000000000
00000000001100001110001110000000111111110000000000000000011100000000000010011000000000110011111110001111101110010111000110000110011000000011001000010000000000000111110000000000110001111000011000000000000011111110011111000000001111000111000011111110000000111101111101001111100001110011110111001111111111111000111110011000111000000001100000001110000000000000000000000000000000000000000000000000000000000000000000000000000000000000000000000011111001111000001100000000000000111111111111111011111100000000110000000000
00000000001100001110000111100000111111111000000000000000001110000000000011001100000000111011111110001111101100111100011100000110001100000010001000010000000000011111000000000001100111110000011000000000000000011111101111110000000111000111000011111000000100111111111111001111100001100110111111111111111111111110111111111011111000000000111011111111000000000000000000000000000000000000000000000000000000000000000000000000000000000000000000000011111011001100001100000000000000111111111111111111111000000000110000000000
00000000001100001110000001100000010111111100000000000000000011100000000001101100000000111011111110001111001100111000111000000011000110000000001000010000000010111000000000000111100110000000011000000000000000000001110001110000000001110111000011111000000110011111111111001111100011101110111111111111111111111111111101111111111111000000011111110011100000000000000000000000000000000000000000000000000000000000000000000000000000000000000000000011111010001100001100000000000000111111111111111111011000000000110000000000
00000000001100000110111000111000011100011100000000000000000001111000000000110110000000011011111100011110011101111001111000010001000110000000000000010000000111100000000000001111110000000000011000000000000000000000110000011110000001111111100011100000000010011111001111011111100011111111111111111101111111111101111101111110001111110000000000000001111000110000000000000000000000000000000000000000000000000000000000000000000000000000000000000011111010001100001100000000000000111111111111111111000000000000110000000000
11111111111110000111110000001100000111000111100000000000000000001110000000011111000000011011111100011110011001110111111110110001100001000000000000000000111100000000000001111110000000000000011000000000001111100000011000000011100000000111110001100000000011111111001111010111100111111100111110111111111111111111111101111100000001111100000000000000000001111100000000000000000000000000000000000000000000000000000000000000000000000000000000000011111010001100001100000000000000111111111111101111100000000000110000000000
00000000000111111110000000000111000001110000010000000000000000000011100000001111100000011111111100011100011011101111100000110000100001000000000000000111100000000000000111000000000000000000110000011000111000000000001101111100111100000000111001100000000011111111001111101111100111100000011010011111111110111111111111111000000000000000000000000000000110000111100000000000000000000000000000000000000000000000000000000000000000000000000000000011111110001100001100000000000000111111111111111111100000000000110000000000
11111111111100000110000000000001100000001110000000000000000000000000111000000011100000001111111100011100110011011111000001100000000000000000000000001000000000000000111100000000000000000001100000010001100000000000000111111111111111000000011101100000011101111101100111001111100111000000011011001111111111101111111111111100000000000000000000000000011100010000111000000000000000000000000000000000000000000000111000000000000000000000000000000011111111111100001100000000000000111111111111111111100000000000110000000000
00001111111111111110000000000000111000000111000000001100000111111000011110000001110000001111111000011100110111111111000000000000000000000000000011111000000000000111110000000000000000000011000000011111000000000000000111111111111111111000001111110001111001111100111111011111101110000100001111111111111111111111111111100111000000000000000000000000111000011000011111000000000000000000000000000000000000000000111000000000000000000000000000000011111101111100001100000000000000111111111111111111100100000000110000000000
00000000000000011110000000000000011000000011111111111111111111111111111111000000111000001111111000011000100111110000000000000000000000000000001111100000000000011111000000000000000000000110000000011110000000000000000011001111111111110000000111110111100001111101111111011111101110001100000111111111111111111110111111110011100000000000000000000001100000011000000011100000000000000000000000000000000000000000111010000000000000000000000000000011111111100000001100000000000000111111111111111111101100000000110000000000
00000000000000000110000000000000000000001111111111110011111000000111111111111111111111111111111000011000111111100000100000000000000000000000001110000000000000011100000000000000000000001100000001111000000000011111000001101111111111000000000011111110000000111101111111111111111100011100000011111111111111111111111111111001111000000000000000000111000001001000110000110000000000000000000000000000000000000111111111100000000000000000000000110111111111100011111111110000000000111111111111111111111000000000111111110000
00000000000000000110000000000000000000111100000000000000000000000000000000011111111111111111111000111011111111100011100000000000000000000000001100000000000000000000000000000000000000011000000011100000000000111100000001111110111111100000000001111100000000111100011111111111111000111000000000110111111110111111111111111100011100000000000000001110000001001100111000011000000000000000000000000000000000000111111111100000000000000000000000111111111101100111111111111000000000111111111111111111111000000000111111111100
00000000000000000110000000000000000001100000000000000000000000000000000000000000000110000111111000111111111111111110000000000000000000000000011000000000000000000000000000000000000000110000000110000000000001110000000001100111111111111000000000011110000000111100100011111111110001110000000000011011111111000111111110011100000111000000000000011000000010001100101110001000000000000000000000000000000000000011111000000000000000000000000000111101111100110110011111011111111111111111111111011111111000000000110000000000
00000000000000000110000000000000011110000000000000000000000000000000000000000000000011000111111111110001111110001111111111100000000000001111100000000000000000000000000000000000000011100000011100000000000111100000000011000011111111111110000000001111100000111111100011111111110011100000000000001101111110110111111111100000000001110000000001110000000110101100111111111100000000000000000000000000000000000000111000000000000000000000000000111101111100111110011110011000000111111111111111111111111100000000100001100000
00000000000000000111111111111111111000000000000000000000000000000000000000000000000011100111111001110001111100011000000001111111111111111000000000000000000000000000000000000000000000000000110000000000011111100000000010000000111111111110000000000111110000011110000011111111110011000000000000001111111111111111111101111000000000011100011111000000001100101100001111111111100000000000000000000000000000000000111000000000000000000011111111110000001000000000000000011000000011111111111111111111101000000000110111111100
00000000000000000110000000000000000000000000000000000000000000000000000000000000000011110111111011100011111000111111000000000000000001111110000000110000000000000000000000000000000000000011100000001111100011000000000110000000001111111110000111100011111000011111000011111111100110000000000000000111111001111111111000011111000000000111100000000000011001101100000111111111111000000000000000000000000000000001111000000000100001111100000111110000000000000000000000011000000011111111111111111110110000000000110111111100
00000000000000000110000000000000000000000000000000000000000000000000000000000000000001110111111011000011111001111111000000000000000000011111111111111111000000000000000000000000000000000111000000000111100011000000001100000000110111111111100011111111111111111111000011111111101100000000011000000011111100111111111000000111000001000010000000000001110001001100001111111111111110000000000000000000000000000001111000011101111111111000000001100000000000000000000000011000000011111111111111111100010000000000110111111100
00000000000000000110000000000000000000000000000000000000000000000000000000000000000001111111111110000111110111110000000000000000000000000000111111111111111000000000000000000000000000000100000000000000000110000000011000000000111001111111100000011111111111111111000011111111111000000100110000000011111111111111111110000000000111000000000000001111100011001100001111111000111111000000000000000000000000000001111111111111111110000000000000110000000000000000000000011000000000111111111111111110000000000000100111111111
11111001100000001110000000000000000000000000000000000000000000000000000000000010100001111111111110000111111111100000000000000000000000000000000000000111111100000000000000000000000000000000000000000000001100000000111000011100011110011111100000000011111111111111100111111111111000010101110000000001111111111111111111100110001111000000000000001110000010101100001111111100000001100000000000000000000000001111111111111111101110000000000000110000000000000000000000010000000000111111111111111110100000000000100011111111
11111101111100111110111100000000000000000000000000000000000000000000000000000011100000111111111110000111111111110000000000000000000000000000000000000111111111000000000000000000000000000000000000000000011100000001100000000110000111000111000000000000000001111111111111111111110000011101100000000000111111111111110001111100011110000000000000000000000110101100001111111110000000111000000000000000000000011111111000000001111111000000000000111000000000000000000000110000000000111111111111111111100000000000100000111111
00011101001101100111100110000000000000000001100000000000000000000000000000000011100000011111111100000111110000000111111000000000000000000000000000000000000001110000000000000000000000000000000000000000110000000011000001100011100000110001110000000000000000011111111111111111100000011011000000000000101111001111111000001110111100111000000000000000011101101100000011110111000000001100000000000000000011110000111000000001111110000000000000001111000000000000000111100000000000111111111111111111000000000000100000111000
00011101001101100111100110000000000000000111111000000000000000000000100000000011100000011111111100011111000000000000000000000000000000000000000000000000000000011100000000000000000000000000000000001111000000000110000000111000111000011110000000000000000000011111111110111111000000011010011100000000011011110111110111011101111111100000000000000000000001001100000000111100000000000011100000000000111111000000000000000000111111000000000000000011111111111111111100000000000000111111111111111111000000000000110000111000
00011101001101100111100110000000000000000110011100000000000000000000100000000011110000001111111100111110000000000000000000000000000000000000000000000000000000000111100000000000000000000011111111111100000000001100000011001110001110000111100000000000000000001111111110111111000000111111111110010000001001111011111001111101111100000000000000000000000001101100000000001110000000000000111001111111100000000000000000000000111111100000000000000011111000000000001100000000000000111111111111111111110000000000100000111001
00001111001111100111100110000000000000001100001110000000000000000010110110000001110000001111111100111110000000000000000000000011100000000000000000000000000000000000111111111111100000000000000000000000000000001000000001100001100111000001110000000000000000001111111111111111000000111111111000110000001100111111111111011111111000000000000000000000000011101100000000000100000000000000111111000000000000000000000000000000111111100000000000000011111100000000001100000000000000111111111111111111111000000000100000111111
00001111001111100111100110000000000000011100000110000000000000000011110110000001110000001111111101111100000000000000000000011111111000000000000000000000000000000000011111111111100001111111000000000000000000011000000001111001111101111000010000000000000000001111111101111111000000111111110000100000000110111111110111111111110000000000000000000000000110101100000000000000000000000001111110000000000000000000000000000000111111100000000000000011111110000000001100000000000000111111111111111100011100000000100000111111
00000000000000000000000110000000000000111000000111000000000000000001110111000000110000000111111101111100000000000000000000111111111000000000000000000000000000000000000000000000000001111111100000100000000000000000000000011100011100011100000000000000000000000111111101111111000001111110000001100000000110111111110001111111100000000000010000000000000101101100000000000000000000000111100000000000000000000000000000000001111001100110000000000011111110000000001100000111000000111111111111110000001110000000100000111111
00000000000000000000000010000000000001110000000011100000000000000001110011000000110000000111111111111000000000000000000111111111101100000000000000000000000000000000000000000000000000000000111111111110000000000000000000000110000010000111000000000000000000000111111111111111000001111000000001000000000110001111110000111110000000000000111000000000000001001100000000000000000000011110000000000000000000000000000000000001111111111110000000000011111110000000001100000111111000111111111111000000000111000000100000001111
00000000000000000000000010000000000001100000000001110000000000000000111001100000010000000111111111111000000000000000000011111101100010000000000000000000000000000000000000000000000000000000000000000111111111110000000000000000000000000001110000000000000000000111111011111111000111110000000011000000000011000111111110111110000000000000011110000000000000000100000000000000001111110000000000000000100000000000000000000001110111111100000000000011111000000000001100111111111100111111111110010000110011100000100000000001
00000000000000000000000010000000000110000000000000010000000000000000011000110000011000000011111111110000000000000000000000000000000000000000000000000000000000000000000000000000000000000000000000000000000000111110000000000000000000000000000000000000000000000111111011011111001111100000000110000000000000100111110011111000000000000000001111100000000000000000000000000000111000000000000000000000110000000000000000000001100000101000000000000011111001110000001100001111111000111111111000011101110000110000100000000000
00000000000000000000000010000000001110000000000000011000000000000000001100111000011000000011111111110000000000000000000000000000000000000000000000000000000000000000000000000000000000000000000000000000000000000001111111000000011100000000000000000000000000000111111111011111111111000000000100000000000001110111110011110000000000000000000111111000000000000110000000000111000000000000000000000000011111100000000000000000000000000000000000000011111101010000001100111111110000111111110000001111100000011000100000000000
00000000100000000000000010000000011100000000000000001110000000000000000110011100011000000011111111100000000000000000000000000000000000000000000000000000000000000000000000000000000000000000110000000000000000000000001001111111111111111110000000000000000000000111111111011111111110000000001100000000000000110111110011100000000001111000000011111111000000000011000000001110000000000000011000000000001111110100000000000000000000000000000000000011111101001100001100111111100000111111100000001111100000001111100000000000
00000001110000000000000010000000111000000000000000000111000000000000000011111110011000000011111111100000000000000000000000000000000000000000000000000000000000000000000000000000000000000011111101000000000000000000000000111000000000111111111000000000000000000111111110011111111100000000011000000000000000011111111111000000000001111111000000111011110000000001000000011000000000000000011100000000000111111110000000000000000000000000000000000011111100001100001100011011100000111111000000001111100000000111100000000000
00000001111000000000000010000001110000000000000000000111000000000000000001111111111000000011111111100000000000000000000000000000000000000000000000000000000000000000000000000000000000000011111111111000000000000000000000000000000000000011111111111111111111111111111110011111111100000000011000000000000000001111111110000000000000111111111000011100111110000000000000110000000000000000011100000011010011100100000000110110000000000000000000000011111100001100001100000011100000111100000000011111100000000011110000000000
00000011001100000000000010000001110010000000111111111111100000000000000000011111111111000011111111000000000000000000000000000000000000000000000000000000000000000000000000000000000000000011111111111000000000000000000000000000000000000000000001111111111111111111111110111111110000000000110000000000000000000111111100000000000000011000011000000110000110000000000001100000000000000011111110000111010000000000000000110010000000000000000000000011111110001100001100000001110001110000000000011111110001000001110000000000
00000010001100000000000010000001111111111111111111111110000000000000000000000001111111110011111111000000000000000000000000000000000000000000000000000000000000000000000000000000000000000000100001100000000000000000000000000000000000000000000000000000000000000111111111111111100000000001100000000000000000000011111100000000001110001110000111100011100000000000111111000000000000000011111111000110010000000000000000110010000000000000000000000011111111001100001100000001110011100000111110011001100111111000111000000000
00000010001100000000000010000000000110000000000000011000000000000000000000000000011111111111111110000000000000000000000000000000000000000000000110000000000000000000000000000000000000000000000000000000000000000000000000000000000000000000000000000000000000000011111110111111100000000000000000000000000000000011111000000000001111100111000000111100111000000011100000000000000000000000111111000110010011111111111100110010000000000000000000000011111101111100001100000001110011000001110001000000000111101100011100000000
00000010001100000000000010000000000110000000000000011000000000000000000000000000000011111111111110000000000000000000000000000000000000000000000011110000000000000000000000000000000000000000000000000000000000000000000000000000000000100000000000000000000000000011111110011111111100000000000000000000000000000011111000000000000011111001100000000111111100111110000000000000000000000000111000000110011110000000000011110010000000000000000000000011111110000000001100000000000010000001111101000000001111110100001100000000
00000010001100000000000010000000000110000000000000011000000000000000000000000000000000111111111100000011010000000000000000000000000000000000000001111110000001000000000000000000000000000000000000000000000000000000000000000000000011100000000000000000110000000011111100011111110011111111111000000000000000000011111010000110011101111111111000000000011111000000000000000000000000000000111000000111000000000000000000111110000000000000000000000011111110000000001100000000000010000001111001000000001111110110000100111111
00000010001100000000000010000000000110000000000000011000000000000000111111111111000000011111111100000001111111000000000000000000000000000000000000111111101111100000000000000000000000000000000000000000000000000000000000000000000111000000000000000000111000000011111100111111110000001111111111111111100000000011111001111111111111111111111100000000001110000000000000000000000000000000111000011110000000011111111000001111000000000000000000000011111100000000001100000000000010000001111001000000001111100110000101111111
00000010001100000000000011000000000110000000000000011000000000000011111111111111111000000111111100000000111111101110000000000000000000000000000000011111111111110000000000000000000000000000000000000000000000000000000000000000000111000000000000000000011111000111111100111111110000000000000011111111111100000011111000111111111111111001111110000000001100000000000000000000000000000000111000111000000111111111111111000111100000000000000000000011111110000000001100000000000010000001111001100000001111110110000101111111
00000010001100000000000011000000000110000000000000011000000000001111100000000000111110000111111100000000011111111111011000000000000000000000000000001011111111110000000000000000000000000000000000000000000000000000000000000000000101000000000000000000001111100111111000111111110000000000000000000000011111000011111000000111111111111100001100000000011100000000000000000000000000000000111001100000111111100000000111110001110000000011000000000011111110000000001100000000000010000011111101100000001111110110000100001001
00000010001100000000000011000000000110000000000000011000000000111000000000000000000011100011111100000000001101111011101100000000000000000000000000000001101101100000000000000000000000000000000000000000010000000000000000000000000000000000000000000000000110110111111100111111110000000000000000000000000011100011111000000001001111001100000000000000110000000000000000001000000000000000111011000011110000000000000000111000011000000111100000000111111110000000001110000000000010000011111101100000001111111110000100000000
00000010001100000000000011000000000110011111111110011000000001100000000000000000000001110111111100000000000000001000000000000000000000000000000000000000000000000000000000000000000000000000000000000011011110000000000000000000000000000000000000000000000011000111111100111111110000000000000000000000000000111011111100000000000011000000000000001111100000000000000000000111110000000000000110001110000000111000110000001100001110000111100000000011111010000000001111100000000010000011111101100000001111110100000100000000
00000010001101000000000011000000000110011000000110011000000011000000000000000000000000010111111100111111111111000000000000000000000000000000011111000000000000000000000000000000000000000000000000111111111110000000000000000000000000000000000000000000000110111111111111111111110000000000000000000000000000001111111100000000000000000000000000111011100000000000000000000011111011000000000011011000000000011111110000000011001110000111101110000111111110000000001100000000000010000001111101100000001111110100001100000000
00111111111111000000000011000000000100011000000110011000000010000000000000000000000000000111111101110000000001110000000000000000000000000001100000001100000000000000000000000000000000000000000000111100011100000000000000000000000000000000000000000000000111111110000111100001110000000000000000000000000000000111111100000000000000000000000001110011100000000000000000000001111111111100000001110000000000001111100000000001111100000111111110000011111100000000001100000000000010000011111101100000001111110100001100000000
00111111111111000000000011000000000100011000000110011000000100000000000000000000000000000111111100111000000110001100000000000000000000000011000000000111000000000000000000000000000000000000000000011000001100000000000000000000000000000000000000000000111000000000000000000000111011001000000000000000000111111111111111111111111000000000000111000011100000000000000000000011111011000000000000100000000000001111100000000000111000001111111100000111111110000000001100000000000010000011111101100000001111110100001100000000
00111111111111000000000011000000000100011000000110011000110100000000000000000000000000000111111100011100100111101110000000000000000000000110000000011111000000000000000000000000000000000000000000000000001100000000000000000000000000000000000000000000111000000000000000000110011111111100000000000000001111111110001111111111111001111100011111000111111110000110000000000111000000000000000000110000000000011111100000000000110000011111111000000111111110000000001111111111111110000011111111000000001111111100001111111111
00011111111111000000000011000000000100011000000110011111111100000000000000000000000000000111111110001111111111100011111000000000000000001100000000011101100000000000000000000000000000000000000000000000000000000000000000000000000000000000000000000000110000000000011100000111111111111100000001000000111100011000000111111100000001111111111111001111111110001110000000001111000000000000000000011000000000111111110000000000100000011111110000000111111110000000001111111111111110000001111111000000000111111100000111111111
00000111111100000000000011000001101100011000000110011111011100000000000000000000000000000111111111000111111111111011111110000011111111011100000011011101100000000000000000000000000000000000000000000000000000000000000000000000000000000000000000000001110000000000001100000011101111111110000001100000111000000000000001111100000000000111111110001110001111101110000011001110000000000000000000001100000000111001110000000001100000000011110000000111111100000000001100000000000000000000000000000000000000000000000000000000
00000011111100000000000011000001111100011000001111111100000000000000000000000011101100000111111111101111111111111111100111000110000001111000001111001111110000000000000000000000000000000000000000000000000000000000000000000000000000000000000000000011100000000001000110010111111111111111000001110000100000000000000111111100000000000111000000001110011111111110000111001111100000000011111110001100000000000000000000000001000000000011110000000111111101110000001110000000000000000000000000000000000000000000000000000000
00000011111100000000000011000001101100111110011111111111110000000000000000111001110011000111111110111001111111111111111111111100000000011011001111100111110000000000000000001001100000000000000000000000000000010000000000000000000000000000000000000010000000000001100011001111011111111111111110011001000000000000011111111100000000001100000000000000110111111111111111111111111111111111011111000111111111111111111111111111000000000011110000000111111101011000001111110001111000011100001110000000000000000000000000000000
00000011111100000000000011000001101100110110011001111110110000000000000000011111111001111111111111111111111111111111111111111000000000000000101111111111110000000000000000001111111110000000000000000000000000011111001100110000000000000000000000000110000001011011011111101111111111111111111100001111000000000000000111111100111000011000000000000000110011111110001111110011111111110110011111100011000000000000000000000110000000000011110000000111111100001100001110011111001100111111111011001111100111110011111001111101
00000011111100000000000011000011101100110110011001111110110000001000000000111110011110111111111111111111111111111111111111111000000000000000111111111111111011110000000000000011111111111000000000000000000000001111100111111000000000000000000000011100000001111110011111111111111111111111111100000011000000000000011111111111111111110000000000000000110011011111011111100011111001100100011111100011111111111111000000001110000000000011111000000111111000001100001110011111000111100011100001111100111110011110011110001111
00000011111100000000000011111111100111100111111001111110110000110010100001111111111111111111111111111111111111111111111111111100000000000000011111111111111111011110000000000001101001111100000000000000000000001111110111111000000000000000000000011000000000111110011111111111111111111111111100000000000011110111111111111111111111100000000000000000000000001111111100000001110001000100111111100011011000010011111111111100000000000011111000000111111010001100001111111111111111111111111111111111111111111111111111111111
00000001111000000000000011111111000111100111110000111100110011111011111111111111111111111111111111111111111111111111111111111111111000000000111111111111111111111111100000000000000000000100000000000000000000000100110011000000000000000000000000110000000001111110111111111111111111111111111100000000000011111111110111111111111111000000000000000000000000000111111100001101111001111111111111100011010000000000011111111100010111101011111000000111111010001100001111111111111111111111111111111111111111111111111111111111
00000000000000000000000000000000000000000000000000000000110111111011111111111111111111111111111111111111111111111111111111111111111100000111111111111111111111111111110000000000000000000000000000000000000000000000010000000000000000000000000001100000000011111111111111111111111111111111111100000000000000111111111111111111111110000000000000000000111110001110011000001111111001111111111111110011010000000000000000101100011111111111110000000111111010001100001110000000000000000000000000000000000000000000000000000000
00000000000000000000000000000000000000000000000000000000111111111111111111111111111111111111111111111111111111111111111111111111111111101111111111111111111111111111111100000000000000000000000000000000000000000000000000000000000000000000000001100000011111111111111111111111111111111111111100000000001110011111111111111111111100000000000000000000111111111111011000001111111011111111111111110011010000000000000000101100111111010111100000000111111110001100001110000000000000000000000000000000000000000000000000000000
00000000000000000000000000000000000000000000000000000000111011111111111111101111111111111111111111111111111111111111111111111111111111111111111111111111111111111111111100000000000000000000000000000000000000000000000000000000000000000000000011100000011111111111111111111111111111111111111110011111011111111111111111111111111100000000000000000000111111111111000000001111011000000101111111110011010000000000000000001100000000000111000000000111111111111100001111111111111111111111111111111111111111111111111111111111
00000000000000000000000000000000000000000000000000011111111110011101101111011111110111111111111111111111111111111111111111111111111111111111111111111111111111111111111100000000000000000000000000000000000000000000000000000000000000000000011111110011111111111111111111111111111111111111111100111111100111111111111111111111111100000000000000000000000000000000000000000100000000000100011111110110010000000000000000101100000000000000000000000111111100000000001111000111000000111101100011010000000000000000000000000000
00000000000000000000000000000000000000000000000000011100011111001111111111111111111111111111111111111111111111111111111111111111111111111111111111111111111111111111111100000000000000000000000000000000000000000000000000000000000000011100011111011111111111111111111111111111111111111111111110111111111111111111111111111111111110000000000000000000100111111111111111111111111111111100011111100110010000000000000000001100000000000000000000000111111000000000001111111111101111100111111111110011000000000000000000000000
00000000111111110000000000000000000000000000000000011000000011000011111101111000011111111111111111111111111111111111111111111111111111111111111111111111111111111111111000000000000000000000000000000000000000000000000000000000000000001111111110001111111111111111111111111111111111111111111110111111111111111111111111111111111110000000000000000000111111111111111111111111111111111101111111100110010000000000000000001100000000000000000000000111111000000000001111111111111111111111111111111110000000000000000000000000
00000001111111111110000000000000000000000000000000011000000011111111111111111111111111111111111111111111111111111111111111111111111111111111111111111111111111111111111111111111111111111111111111111111111111111111111111111111111111111111111111111111111111111111111111111111111111111111111111111111111111111111111111111111111111000000000000000001111111111111111111111111111111111111111111110111110000000000001111111111111111111111111111111111111000000000000111111111111111111111111111111100000000000000000000000000
00000011100000001111000000000000000000000000000000011100000111111111111111111111111111111111111111111111111111111111111111111111111111111111111111111111111111111111111111111111111111111111111111111111111111111111111111111111111111111111111111111111111111111111111111111111111111111111111111111111111111111111111111111111111110000010000000000000111111111111111111111111111111111111111111100111110000000001111111111111111111111111111111111111111000000000000111111111111101111111111111111000000000000000000000000000
00000110000000000011100000000000000000000000000000011000000000000000000000000000000000000000000000000000000000000000000000000000000000000000000000000000000000000000000000000000000000000000000000000000000000000000000000000000000000000000000000000000000000000000000000000000000010000000000000000000000000000000000000000000000000000000000000000000000000000000000000000000000000000000000000000000000000000000000000000000000000000000000000000111111001000000000111111111111111111111110110100000000000000000000000000000
00001100111111111000110000000000000000000000000000011000000000000000000000000000000000000000000000000000000000000000000000000000000000000000000000000000000000000000000000000000000000000000000000000000000000000000000000000000000000000000000000000000000000000000000000000000000000000000000000000000000000000000000000000000000000000000000000000000000000000000000000000000000000000000000000000000000000000000000000000000000000000000000000000111111001000000000111111111111111011100111001000000000000000000000000000000
00011001100000001110010000000000000000000000000000011000000000000000000001110000000000000000000000000000000000000000000000000000000000000000000000000000000000000000000000000000000000000000000000000000000000000000000000000000000000000000000000000000000000000000000000000000000000000000000000000000000000000000000000000000000000000000000000000000000000000000000000000000000000000000000000000000000000000000000000000000110000000000000000000111111110000000000111111111111110110000001100000000000000000000000000000000
00110011000000000011001000000000000000000000000000011000000000000000000001110000000000000000000000000000000000000000000000000000000000000000000000000000000000000000000000000000000000000000000000000000000000000000000000000000000000000000000000000000000000000000000000000000000000000000000000000000000000000000000000000000000000000000000000000000000000000000000000000000000000000000000000000000000000000000000000000000100000000000000000000111111110000000000111111111111100000000000000000000000000000000000000000000
01100110000000000001101100000000000000000000000000011000000000000011110001100000000000000000000000000000000000000000000000000000000000000000011000000000000000000000000000000000000000000000000000000000000000111110001110000000000000000000000000000000000000000000000000000000000000000111001110000000000000000000000000000000000000000000000000000000000000001100000000000000000000000000000000000000000000000000000000111111001110000000000000000111111110000000000111111111111111111111111111111111111111111111110000000000
01001100000000000001100100000000000000000000000000011000000000000111111100000000000000000000000000000000000000000000000000000000000000011110011000000000000000000000000000000000000000000000000000000000000001111111001100000000000000000000000000000000000000000000000000000000000000001111100110000000000000000000000000000000000000000000000000000000000110001100000000000000000000000000000000000000000000000000000000110011101110000000000000000111111101000000000111111111111111111111111111111111111111111111111100000000
11011000000000000000110110000000000000000000000000011000000000000110001110011100000000000000000000000000000000000000000000000000000000111111011000000000000000000000000000000000000000000000000000000000000011000001100000000000000000000000000000000000000000000000000000000000000000001100110000000000000000000000000000000000000000000000000000000000001111100000000000000000000000000000000000000000000000000000000000110000100000000000000000000111111101000000000111111111111100000000000000000000000000000001111100000000
10011000000000000000010110000000000000000000000000010000000000000011000110011110000000000000000000000000000000000000000000000000000000100011100000000000000000000000000000000000000000000000000000000000000001100000110110000000000000000000000000000000000000000000000000000000000000001100111011000000000000000000000000000000000000000000000000000000011001110011100000000000000000000000000000000000000000000000000000111000100010000000000000000111111110000000000111111111111101111111111111111111111000000000000100000000
10011000000000000000010010000000000000000000000000010000000000000001000011000000000000000000000000000000000000000000000000000000000000100001101111000000000000000000000000000000000000000000000000000000000001100000010111000000000000000000000000000000000000000000000000000000000000000100011111000000000000000000000000000000000000000000000000000000011100011011100000000000000000000000000000000000000000000000000000011000101110000000000000000111111110000000000111111111001101111111111111111111111111111111000100000000
10110000000000000000011011000000000000000000000000010000000000000001000001000000000000000000000000000000000000000000000000000000000000100000101111000000000000000000000000000000000000000000000000000000000000100000010110000000000000000000000000000000000000000000000000000000000000000100011000000000000000000000000000000000000000000000000000000000000100011000000000000000000000000000000000000000000000000000000000110000100110000000000000000111111101111000000111011111101101100000000000000000000000000111100100000000
10110000000000000000001011000000000000000000000000010000000000000010000011011100000000000000000000000000000000000000000000000000000000110000000110000000000000000000000000000000000000000000000000000000000001100000010000000000000000000000000000000000000000000000000000000000000000000100011010000000000000000000000000000000000000000000000000000000001100011000000000000000000000000000000000000000000000000000000000111001101100000000000000000111111101001100000111111111111101100000000000111111100000000001100100000000
10110000000000000000001011000000000000000000000000010000000000000010000110001000000000000000000000000000000000000000000000000000000000100000100100000000000000000000000000000000000000000000000000000000000001100000110110000000000000000000000000000000000000000000000000000000000000000100110110000000000000000000000000000000000000000000000000000000001100111011100000000000000000000000000000000000000000000000000000001111001110000000000000000111111101001100000111111111101101100000000111100000111000000001100100000000
10110000000000000000001011000000000000000000000000010000000000000011111100000000000000000000000000000000000000000000000000000000000000100001101110000000000000000000000000000000000000000000000000000000000001000001111111000000000000000000000000000000000000000000000000000000000000000111100010000000000000000000000000000000000000000000000000000000001111100001000000000000000000000000000000000000000000000000000000000110000000000000000000000111111111001100000111111111111101100000001110000000011100000001100100000000
10100000000000000000001011000000000000000000000000010000000000000011111001100000000000000000000000000000000000000000000000000000000000110011101110000000000000000000000000000000000000000000000000000000000001110111100110000000000000000000000000000000000000000000000000000000000000000110011000000000000000000000000000000000000000000000000000000000000011001110000000000000000000000000000000000000000000000000000000000000000000000000000000000111111110001100000111111111111101100000011100000000000110000001100100000000
10100000000000000000001011000000000000000000000000010000000000000000000001100000000000000000000000000000000111000000000000000000000000111111100000000000000000000000000000000000000000000000000000000000000000111111000000000000000000000000000000000000000000000000000000000000000000000000011000000000000000000000000000000000000000000000000000000000000000001110000000000000000000000000000000100000000000000000000000000000000000000000000000000111111110000100000111111011101101100000110000000000000011000001100100000000
10100000000000000000001011000000000000000000000000010000000000000000000001100000000000000000000000000000001111000000000000000000000000001100111000000000000000000000000000000000000000000000000000000000000000000000111000000000000000000000000000000000000000000000000000000000000000000000000000000000000000000000000000000000000000000000000000000000000000000000000000000000000000000000000000110000000000000000000000000000000000000000000000000111110110000000000111111111101101100001100000000000000011000001100100000000
10000000000000000000001011000000000000000000000000010000000000000000000000000000000000000000000000000000001111000000000000000000000000000000111000000000000000000000000000000000000000000000000000000000000000000001111000000000000000000000000000000000000000000000000000000000000000000000000000000000000000000000000000000000000000000000000000000000000000000000000000000000000000000000000000111000000000000000000000000000000000000000000000000111111110000100000111111111111101100001000000000000000001100001100100000000
10000000000000000000001011000000000000000000000000010000000000000000000000000000000000000000000000000000001110001110000000000000000000000000000000000000000000000000000000000000000000000000000000000000000000000000011000000000000000000000000000000000000000000000000000000000000000000000000000000000000000000000000000000000000000000000000000000000000000000000000000000000000000000000000000001111000000000000000000000000000000000000000000000111111111111100000111111110001101100001000000000000000001100001100100000000
10000000000000000000001011000000000000000000000000010000000000000000000000000000000000000000000000001111000000011100000000000000000000000000000000000000000000000000000000000000000000000000000000000000000000000000000000000000000000000000000000000000000000000000000000000000000000000000000000000000000000000000000000000000000000000000000000000000000000000000000000000000000000000000001111000110000000000000000000000000000000000000000000000111111100000000000111111111001111100010000000000000000001100001100100000000
10000000000000000000001011000000000000000000000000010000000000000000000000000000000000000000000000011001111000011110000000000000000000000000000000000000000000000000000000000000000000000000000000000000000000000000000000000000000000000000000000000000000000000000000001110000000000000000000000000000000000000000000000000000000000000000000000000000000000000000000000000000000000000000011000110000000000000000000000000000000000000000000000000111111000000000000111111111101011100010000000000000000001100001100100000000
10000000000000000000001011000000000000000000000000010000000000000000000000000000000000000000000000111000111110011100000000000000000000000000000000000000000000000000000000000000000000000000000000000000000000000000000000000000000000000000000000000000000000000111111000100000000000000000000000000000000000000000000000000000000000000000000000000000000000000000000000000000000000000000011000110000000000000000000000000000000000000000000000000111111000000000000111111111101011100010000000000000000001100001100100000000
10000000000000000000001011000000000000000000000000010000000000000000000000000000000000000000000000110000000110011000000000000000000000000000000000000000000000000000000000000100000000000000000000000000000000000000000000000000000000000000000000000000000000000111111110000000000000000000000000000000000000000000000000000000000000000000000000000000000000000000000000000000000000000000011000011110000000000000000000000000000000000000000000000111111100000000000111111111001011100010000000000000000001100001100100000000
10000000000000000000001011000000000000000000000000010000000000000000000000000000000000000000000000011000000011000000000000000000000000000000000000000000000000000000000000001110000000000000000000000000000000000000000000000000000000000000000000000000000000000100001110000000000000000000000000000000000000000000000000000000000000010000000000000000000000000000000000000000000000000000001100011111000000000000000000000000000000000000000000000111111100000000000111111111001011100010000000000000000001100001100100000000
11100000000000000000001011000000000000000000000000010000000000000000000000000000000000000000000000011000000011000000000000000000000000000000000000000000000000000000000000001110110000000000000000000000000000000000000000000000000000000000000000000000000000000110000110111000000000000000000000000000000000000000000000000000000000110000000000000000000000000000000000000000000000000000001100111111000000000000000000000000000000000000000000000111111000000000000111111111111011000010000000000000000001100001100100000000
11100000000000000000001011000000000000000000000000010000000000000000000000000000000000000000000000001100000011001110000000000000000000000000000000000000000000000000000011111001111000000000000000000000000000000000000000000000000000000000000000000000000000000011000011111000000000000000000000000000000000000000000000000000000000110000000000000000000000000000000000000000000000000000011100100000000000000000000000000000000000000000000000000111111000000000000111111111101011000010000000000000000001100001100100000000
11100000000000000000001011000000000000000000000000010000000000000000000000000000000000000000000000001100000001011011000000000000000000000000000000000000000000000000000110001110110000000000000000000000000000000000000000000000000000000000000000000000000000000001000011000000000000000000000000000000000000000000000000000000011111001110000000000000000000000000000000000000000000000000001111001110000000000000000000000000000000000000000000000111110000000000000111111111001011000010000000000000000001100001100100000000
11100000000000000000001011111111111111111111111111110000000000000000000000000000000000000000000000011000000011001110000000000000000000000000000000000000000000000000001100000111000000000000000000000000000000000000000000000000000000000000000000000000000000000011000011011000000000000000000000000000000000000000000000000000011001101110000000000000000000000000000000000000000000000000000000001110000000000000000000000000000000000000000000000111110010000000000111111111111011000010000000000000000001100001100100000000
11100000000000000000001011111111111111111111111111110000000000000000000000000000000000000000000000011000000110000000000000000000000000000000000000000000000000000000001100000011011000000000000000000000000000000000000000000000000000000000000000000000000000000110000111011000000000000000000000000000000000000000000000000000001101100000000000000000000000000000000000000000000000000000000000000000000000000000000000000000000000000000000000000111111100000000000111111111111011000010000000000000000001100001100100000000
11100000000000000000001011000000000000000000000011110000000000000000000000000000000000000000000000011000001111100000000000000000000000000000000000000000000000000000000110000011011000000000000000000000000000000000000000000000000000000000000000000000000000000011001110010000000000000000000000000000000000000000000000000000001100100110000000000000000000000000000000000000000000000000000000000000000000000000000000000000000000000000000000000111111100000000000111111111111011000010000000000000000001100001100100000000
11100000000000000000001011000000000000000000000000010000000000000000000000000000000000000000000000011111111111101000000000000000000000000000000000000000000000000000000110000011011000000000000000000000000000000000000000000000000000000000000000000000000000000011011111100000000000000000000000000000000000000000000000000000011001100110000000000000000000000000000000000000000000000000000000000000000000000000000000000000000000000000000000000111111100000000000111111111111011000010000000000000000001100001100100000000
10100000000000000000001011000000000000000000000000010000000000000000000000000000000000000000000000001111110011001000000000000000000000000000000000000000000000000000000110000011000000000000000000000000000000000000000000000000000000000000000000000000000000000000000011100000000000000000000000000000000000000000000000000000011011000000000000000000000000000000000000000000000000000000000000000000000000000000000000000000000000000000000000000111111000000000000111111111111011000010000000000000000001100000100100000000
10000000000000000000001011000000000000000000000000010000000000000000000000000000000000000000000000000000000001111000000000000000000000000000000000000000000000000000000010001110110000000000000000000000000000000000000000000000000000000000000000000000000000000000000001100000000000000000000000000000000000000000000000000000011110011000000000000000000000000000000000000000000000000000000000000000000000000000000000000000000000000000000000000111111000000000000111111111111011000010000000000000000001100001100100000000
11100000000000000000001011000000000000000000000000010000000000000000000000000000000000000000000000000000000000000000000100011100000000000000000000000000000000000000000111111001110000000000000000000000000000000000100000000000000000000000000000000000000000000000000000000000000000000000000000000000000000000000000000000000000000011100000000000000000000000000000000000000000000000000000000000000000000000000000000000000000000000000000000000111110000000000000111111111111011000010000000000000000001100001100100000000
10100000000000000000011011000000000000000000000000010000000000000000000000000000000000000000000000000000000000000000000011111111000000000000000000000000000000000000000000000000000000000000000000000000000000000001100100011000000000000000000000000000000000000000000000000000000000000000000000000000000000000000000000000000000000000000000000000000000000000000000000000000000000000000000000000000000000000000000000000000000000000000000000001111110000000000000111111111111011000011000000000000000001100001111100000000
11111111111111111111111111111111111111111111111111111111111111111111111111111111111111111111111111111111111111111111111111111111111111111111111111111111111111111111111111111111111111111111111111111111111111111111111111111111111111111111111111111111111111111111111111111111111111111111111111111111111111111111111111111111111111111111111111111111111111111111111111111111111111111111111111111111111111111111111111111111111111111111111111111111111111111111111111111111111111111111111111111111111101110001111100001111
11111111111111111111111111111111111111111111111111111111111111111111111111111111111111111111111111111111111111111111111111111111111111111111111111111111111111111111111111111111111111111111111111111111111111111111111111111111111111111111111111111111111111111111111111111111111111111111111111111111111111111111111111111111111111111111111111111111111111111111111111111111111111111111111111111111111111111111111111111111111111111111111111111111111111111111111111111111111111100000000000000000000000000000000000000000
00000000000000000000001111111111111000000000000000000000000000000000000000000000000000000000000000000000000000000000011011000000000000000000000000000000000000000000000000000000000000000000000000000000000000000000110001100000000000000000000000000000000000000000000000000000000000000000000000000000000000000000000000000000110001110001000000000000000000000000000000000000000000000000000000000000000000000000000000001111111111011000000000000000000000000000000000000000000000000000000000000000000000000000000000000000
00000000000000000000011111111111110000000000000000000000000000000000000000000000000000000000000000000000000000000000000000000000000000000000000000000000000000000000000000000000000000000000000000000000000000000000010011000000000000000000000000000000000000000000000000000000000000000000000000000000000000000000000000000000011001111011100000000000000000000000000000000000000000000000000000000000000000000000000000011110111111001000000000000000000000000000000000000000000000000000000000000000000000000000000000000000
00000000000000000000010000000000000000000000000000000000000000000000000000000000000000000000000000000000000000000000000000000000000000000000000000000000000000000000000110000000000000000000000000000000000000000000000010000000000000000000000000000000000000000000000000000000000000000000000000000000000000000000000000000000001111001111110000000000000000000000000000000000000000000000000000000000000000000000000000000000101110001000000000000000000000000000000000000000000000000000000000000000000000000000000000000000
00000000000000000000000000000000000000000000000000000000000000000000000000000000000000000000000000000000000000000000000000000000000000000000000000000000000000000000011001000000000100000000000000000000000000000000000000000000000000000000000000000000000000000000000000000000000000000000000000000000000000000000000000000000000111000111011111000000000000000000000000000000000000000000000000000000000000000000000000000000001110000000000000000000000000000000000000000000000000000000000000000000000000000000000000000000
00000000000000000000000000000000000000000000000000000000000000000000000000000000000000000000000000000000000000000000000000000000000000000000000000000000000000000000001111100111100110000000000000000000000000000000000000000000000000000000000000000000000000000000000000000000000000000000000000000000000000000000000000000000000011100000000100000000000000000000000000000000000000000000000000000000000000000000000000000000001100000000000000000000000000000000000000000000000000000000000000000000000000000000001101000000
00000000000000000000000000000000000000000000000000000000000000000000000000000000000000000000000000000000000000000000000000000000000000000000000000000000000000000000000000000000010000000000000000000000000000000000000000000000000000000000000000000100001100111111100000000000000000000000000000000000000000000000000000000000000000000000000000000000000000000000000000000000000000000000000000000000000000000000000000000000000000000000000000000000000000000000000000000000000000000000000000000000000000000000011111110000
00000000000000000000000000000000000000000000000000000000010110000000000000000000000000000000000000000000000000000000000000000000000000000000000000000000000000000000000000000000000000000000000000000000000000000000000000000000000000000000000000000011111110111111111000000000000000000000000000000000000000000000000000000000000000000000000000000000000000000000000000000000000000000000000000000000000000000000000000000000000000000000000000000000000000000000000000000000000000000000000000000000000000000000011111111000
00000000000000000000000000000000000000000000000000000000111111111001000000000000000000000000000000000000000000000000000000000000000000000000000000000000000000000000000000000000000000000000000000000000000000000000000000000000000000000000000000000001111111110000010000000000000000000000000000000000000000000000000000000000000000000000000000000000000000000000000000000000000000000000000000000000000000000000000000000000000000000000000000000000000000000000000000000000000000000000000000000000000000000000011111110000
00000000000000000000000000000000000000000000000000000000011011111111000000000000000000000000000000000000000000000000000000000000000000000000000000000000000000000000000000000000000000000000000000000000000000000000000000000000000000000000000000000000001101110000000000000000000000000000000000000000000000000000000000000000000000000000000000000000000000000000000000000000000000000000000000000000000000000000000000000000000000000000000000000000000000000000000000000000000000000000000000000000000000000000001111000000
00000000000000000000000000000000000000000000000000000000001000001110000000000000000000000000000000000000000000000000000000000000000000000000000000000000000000000000000000000000000000000000000000000000000000000000000000000000000000000000000000000000000000000000000000000000000000000000000000000000000000000000000000000000000000000000000000000000000000000000000000000000000000000000000000000000000000000000000000000000000000000000000000000000000000000000000000000000000000000000000000000000000000000000000000000000
00000000000000000000000000000000000000000000000000000000000000000000000000000000000000000000011000000000000000000000000000000000000000000000000000000000000000000000000000000000000000000000000000000000000000000000000000000000000000000000000000000000000000000000000000000000000000000000000000000000000000000000000000000000000000000000000000000000000000000000000000000000000000000000000000000000000000000000000000000000000000000000000000000000000000000000000000000000000000000010000000000000000000000000000000000000
00000010111000000000000000000000000000000000000000000000000000000000000000000000000000000000001110111000000000000000000000000000001101011110000000000000000000000000000000000000000000000000000000000000000000000000000000000000000000000000000000000000000000000000000000000000000000000000000000000000000000000000000000000000000000000000000000000000000000000000000000000000000000000000000000000000000000000000000000000000000000000000000000000000000000000000000000000000000000011011100000000000000000000000000000000000
00000011111111000000000000000000000000000000000000000000000000000000000000000000000000000000000011111111100111000000000000000000000111100111100000000000000000000000000000000000000000000000000000000000000000000000000000000000000000000000000000000000000000000000000000000000000000000000000000000000000000000000000000000000000000000000000000000000000000000001000000000000000000000000000000000000000000000000000000000000000000000000000000000000000000000000000000000000000000011111111000000000000000000000000000000000
00000001111111000000000000000000000000000000000000000000000000000000000000000000000000000000000001111111111111110000000000000000000001100111100000000000000000000000000000000000000000000000000000000000000000000000000000000000000000000000000000000000000000000000000000000000000000000000000000010000000000000000000000000000000000000000000000000000000000000001100000000000000000000000000000000000000000000000000000000000000000000000000000000000000000000000000000000000000000001111111110000000000000000000000000000000
00000001100111000000000000000000000000000000000000000000000000000000000000000000000000000000000000111111011100111000000000000000000000000000000000000000000000000000000000000000000000000000000000000000000000000000000000000000000000000000000000000000000000000000000000000000000000000000000111111000111000000000000000000000000000000000000000000000000000000000111011100000000000000000000000000000000000000000000000000000000000000000000000000000000000000000000000000000000000001111111110000000000000000000000000000000
00000000100000000000000000000000000000000000000000000000000000000000000000000000000000000000000000011100000000001000000000000000000000000000000000000000000000000000000000000000000000000000000000000000000000000000000000000000000000000000000000000000000000000000000000000000000000000000011111111111111000000000000000000000000000000000000000000000000000000000011111111001111000000000000000000000000000000000000000000000000000000000000000000101111001000000000000000000000000001111111110000000000000000000000000000000
00000000000000000000000000000000000001000000000000000000000000000000000000000000000000000000000000000000000000000000000000000000000000000000000000000000000000000000000000000000000000000000000000000000000000000000001100000000000000000000000000000000000000000000000000000000000000000000111000101110000000000000000000000000000000000000000000000000000000000000001111111111111100000000000000000000000000000000000000000000000000000000000000001111111111000000000000000000000000001100000000000000000000000000000000000000
00000000000000000000000000000000000011100000000000000000000000000000000000000000000000000000000000000000000000000000000000000000000000000000000000000000000000000000000000000000000000000000000000000000000000000000000111110000000000000000000000000000000000000000000000000000000000000000100000001100000000000000000000000000000000000000000000000000000000000000000011110110000110000000000000000000000000000000000000000000000000000000000000000011111111100000000000000000000000000000000000000000000000000000000000000000
00000000000000000000000000000000000111100000000000000000000000000000000000000000000000000000000000000000000000000000000000000000000000000000000000000000000000000000000000000000000000000000000000000000000000000000000011111000000000000000000000000000000000000000000000000000000000000000000000000000000000000000000000000000000000000000000000000000000000000000000000000000000000000000000000000000000000000000000000000000000000000000000000000000000000000000000000000000000000000000000000000000000000000000000000000000
00000000000000000000000000000000011101111111011100000000000000000000000000000000000000000000000000000000000000000000000000000000000000000000000000000000000000000000000000100000000000000000000000000000000000000000000000111100000000000000000000000000000000000000000000000000000000000000000000000000000000000000000000000000000000000000000000000000000000000000000000000000000000000000000000000000000000000000000010000000000000000000000000000000000000000000000000000000000000000000000000000000000000000000000000000000
00000000000000000000000000000000000001111111111110000000000000000000000000000000000000000000000000000000000000000000000000000000000000000000000000000000000000000010100111100000000000000000000000000000000000000000000000011111000000000000000000000000000000000000000000000000000000000000000000000000000000000000000000000000000000000000000000000000000000000000000000000000000000000000000000000000000000000000000001100000000000000000000000000000000000000000000000000000000000000000000000000000000000000000000000000000
00000000000000000000000000000000000001000000000000000000000000000000000000000000000000000000000000000000000000000000000000000000000000000000000000000000000011100111111111000000000000000000000000000000000000000000000000001111100011000000000000000000000000000000000000000000000000000000000000000000000000000000000000000000000000000000000000000000000000000000000000000000000000000000000000000000000000000000000000110000000000000000000000000000000000000000000000000000000000000000000000000000000000000000000000000000
00000000000000000000000000000000000000000000000000000000000000000000000000000000100000000000000000000000000000000000000000000000000000000000000000000000000011101101101110000000000000000000000000000000000000000000000000000001111111100000000000000000000000000000000000000000000000000000000000000000000000000000000000000000000000000000000000000000000000000000000000000000000000000000000000000000000000000000000000011100000000000000000000000000000000000000000000000000000000000000000000000000000000000000011000000000
00000000000000000000000000000000000000000000000000000000000000000000000000000001100000000000000000000000000000000000000000000000000000000000000000000000000010000101001100000000000000000000000000000000000000000000000000000000011111100000000000000000000000000000000000000000000000000000000000000000000000000000000000000000000000000000000000000000000000000000000000000000000000000000000000000000000000000000000000001110010001000000000000000000000000000000000000000000000000000000000000000000000000001111111000000000
00000000000000000000000000000000000000000000000000000000000000000000001101010111100000000000000000000000000000000000000000000000000000000000000000000000000000000000000000000000000000000000000000000000000000000000000000000000000111000000000000000000000000000000000000000000000000000000000000000000000000000000000000000000000000000000000000000000000000000000000000000000000000000000000000000000000000000000000000000110011011100000000000000000000000000000000000000000000000000000000000000000000001111111101000000000
00000000000000000000000000000000000000000000000000000000000000000000000101101111100000000000000000000000000000000000000000000000000000000000000000000000000000000000000000000000000000000000000000000000000000000000000000000000000000000000000000000000000000000000000000000000000000000000000000000000000000000000000000000000000000000000000000000000000000000000000000000000000000000000000000000000000000000000000000000001111111110000000000000000000000000000000000000000000000000000000000000000000000111111101000000000
