000000000000000000000000000000000110000000000000
000000000000000000000000000000001110000000000000
000000000000000000000000000000011111000000000000
000000000000000000000000000000111111100000000000
000000000000000000000000000000111111100000000000
000000000000000000000000000001111111110000000000
000000000000000000000000000011111111111000000000
000000000000000000000000000111111111001000000000
000000000000000000000000001111111111000100000000
000000000000000000000000001111111111000010000000
000000000000000000000000011111111111000010000000
000000000000000000000000111111111100000001000000
000000000000000000000001111111111100000000100000
000000000000000000000011111111111110000000110000
000000000000000000000011111111111100000000110000
000000000000000000000001111111111111111111100000
000000000000000000000001001101100100110111000000
000000001100000000000001011111101110111111000000
000000001110000000000001111110111111001111100000
000000011010000000000111111111111111111111101000
000000111001000000000100100110010100001101111000
000001100001100000000000110110110111101101101000
000001111000110000000000111110111111111101101000
000011000000010000000000111111111111111101101000
000111111000011000000100010110110110100101111000
000100000000001100000011000000000000000000110000
001111111111111100000001111101101000000001000000
000011111111111000000001111111111111100001000000
000011101010011000000001111111111111000001000000
000011110010011000000001111111111100000001000000
000011110010011000000001111111111110000001000000
000011110110011000000001111111111110000001000000
000011111110011000000001111111111101000001000000
001111111101111110000001111111111111000001000000
011111111111111111000001111111111111000001000000
011101110111011011000001111111111111000001000000
011000000000000001000001111111111111000001000000
000000000000000011000001111111111000000001000000
001000000000000010000001111111111100000001000000
001111000000001110000001111111111100000001000000
000011111110011000000001111111111110000001000000
000011110000011000000001111111111011000001000000
000011110000011000000001111111110001100001000000
000011110000011000000001111111010000110001000000
000011101100011000000001111110011110011001000000
000011110010011000000001111000011110000111000000
000011110010011000000001110000011110000011000000
000011111010011000000011100111011110111001100000
000011111110011000000010001111100001111100110000
000011110000011000000010001110100001111100110000
000111110000011000000010001110100001111110110000
000111110000011000000010001110100001111100010000
000111110000011000000010001110100001111100110000
000111110000011000000010001110100001111100110000
000111110000011000000010001111100001111100110000
000111110000011111111110001111100000111100111111
000111110000011000000000000000000000000000000000
000111110010001110011100100011000000000000000000
000111100010001011110111011101111111111111111111
000111100010001111111111111111111111111111111111
000111110010001000000000000000000000000000000000
000111111110001111111111111111111111111111111111
000111100000001111110111111111110100000000000000
000111100000001111111111111111111000000000000000
000111100000001111111111111111111000000000000000
000111101000001111111111111111100000000000000000
000111111000001111111111100010000000000000000000
000111110000001111111111111111111111111000000000
000111111000001111111111111111111111111111110000
000111111000001111111101111111111111100000110000
000111111100001111110111111111111111111111010000
000111111010001111111111000000111110000001010000
000111110010001111111111000011000011000001010000
000111110000001111111111000100000000100001010000
000111111000001111111111001000000000110001010000
000111111110001111101111001000000000010001110000
000111100000001111111111000000000000010001110000
000111100000001111101111000000000000010001010000
000111100000001111111111010000000000010001110000
000111100000001111111110010000000000010001110000
000111100000001111111110010000000000010001110000
000111110000001111111110000000000000010001110000
000111100000001111111110000000000000010001110000
000111100000001111111110000000000000010001110000
000111100000001111111110000000000000010001110000
000111111111111111111111111000000000011001110000
000111111111111111001000000000000000000000000000
