000000000000000000000000011000000000000000000000
000000000000000000000000100100000000000000000000
000000000000000000000000100100000000000010100000
000000000000000000000000100110000000000100010000
000000000000000000000000100010000000001000010000
000000000000000000000000100010000000001000010000
000000000000000000000000100011111111110000010000
000000000000000000000000101100000000101000010000
000000000000000000000000110000000000010000010000
000000000000000000000000100000000000010000010000
000000000000000000000001000000001000010000100000
000000000000000000000001000000010000010000100000
000000000000000000000001000000100000000001000000
000000000000000000000010000001011000010001000000
000000000000000000000010000000111000010101000000
000000000000000000000011100000111000000001000000
010000000000000000000010010000111000001110000000
000000000000000000000011100000010000010000000000
000000000000000000000111000000000000010010000000
000000000000000000000010000000000000000010000000
000000000000000000000111100000000000100000000000
000000000000111111111001010000000000100000000000
000000000000000000000010011100000111000000100000
000000000000000000000001101111111000000000010000
000000000000000000000000000100000000000000001000
000000000000000000000000000100000000000000001000
000000000000000000000000001000000000000000001100
000000000000000000000000001000000000000000000100
000000000000000000000000000100000000000000000100
000000000000000000000000000000000000000000000010
000000000000000000000000000000000000000000000010
000000000000000000000000000000000000000000000010
000000000000000000000000000000000000000000000001
000000000000000000000000000000000000000000000001
000000000000000000000000000000000000000000000001
000000000000000000000000001001110010001100000010
000000000000000000000000000000001111000100100110
000000000000000000000000010011000001000100011000
000000000000000000000000110011011001000100001000
000000000000000000000000110000110001000110010000
000000000000000000000000000000000001010111100000
000000000000000000000000000000000000000010000000
