000000000000000000000000011000000000000000000000
000000000000000000000000111100000000000001000000
000000000000000000000000111100000000000011100000
000000000000000000000000111110000000000111110000
000000000000000000000000111110000000001111110000
000000000000000000000000111110000000001111110000
000000000000000000000000111111111111111111110000
000000000000000000000000111111111111111111110000
000000000000000000000000111111111111111111110000
000000000000000000000000111111111111111111110000
000000000000000000000001111111111111111111100000
000000000000000000000001111111111111111111100000
000000000000000000000001111111111111111111000000
000000000000000000000011111111111111111111000000
000000000000000000000011111111111111111111000000
000000000000000000000011111111111111111111000000
010000000000000000000011111111111111111110000000
111000000000000000000111111111111111111100000000
111000000000000000000111111111111111111110000000
111100000000000000000111111111111111111110000000
111111111111100000001111111111111111111111000000
011111111111111111111111111111111111111111000000
000111111111111111111111111111111111111111100000
000000000000000000000001111111111111111111110000
000000000000000000000000000111111111111111111000
000000000000000000000000000111111111111111111000
000000000000000000000000001111111111111111111100
000000000000000000000000001111111111111111111100
000000000000000000000000000111111111111111111100
000000000000000000000000000111111111111111111110
000000000000000000000000000111111111111111111110
000000000000000000000000001111111111111111111110
000000000000000000000000001111111111111111111111
000000000000000000000000001111111111111111111111
000000000000000000000000001111111111111111111111
000000000000000000000000001111111111111111111110
000000000000000000000000001110001111111111111110
000000000000000000000000111111111111111111111000
000000000000000000000000111111111111111111111000
000000000000000000000000111101111001111111110000
000000000000000000000000000000000001110111100000
000000000000000000000000000000000000000010000000
