000000000000000000000000000000000000000000000000
000000000000000000000000000000000000000000000000
000000000000000000000000000000000000000000000000
000000000000000000000000000000000000000000000000
000000000000000000000000000000000000000000000000
000000000000000000000000000000000000000000000000
000000000000000000000000000000000000000000000000
000000000000000000000000000000000000000000000000
000000000000000000000000000000000000000000000000
000000000000000000000000000000000000000000000000
000000000000000000000000000000000000000000000000
000000000000000000000000000000000000000000000000
000000000000000000000000000000000000000000000000
000000000000000000000000000000000000000000000000
000000000000000000000000000000000000000000000000
000000000000000000000000000000000000000000000000
000000000000000000000000000000000000000000000000
000000000000000000000000000000000000000000000000
000000000000000000000000000001111100011000000000
000000000000000000000000001111111000111100000000
000000000000000000000000011000000000000110000000
000000000000000000000000010000000010000110000000
000000000000000000000000110000000010000010000000
000000000000000000000000110110000011000001000000
000000000000000000000000110111111011000001000000
000000000000000000000000110011111001100111000000
000000000000000000000000011000110001111110000000
000000000000000000000011111001000000011000000000
000000000000000000000111110011000000001100000000
000000000000000000000111100111000000000100000000
000000000000000000000110000011000000000110000000
000000000000000000000010000000000000000110000000
000000000000000000000011000000000000000110000000
000000000000000000000001111111110000000010000000
000000000000000000000000011111100000000011000000
000000000000000000000000000110000000000011110000
000000000000000000000000111110010000000010110000
000000000000000000000111111110010000000010110000
000000000000000000001111100100110010000011110000
000000000000000000011111111101100110000011110000
000000000000000000111110001111001100000001100010
000000000000000000111000000111011000000001101111
000000000000000000110000000110011000000001111111
000000000000000000000000001100110000000001110110
000000000000000000000000001100110000000001101100
000000000000000000000000000111100000000001111000
000000000000000000000000001100000000000001100000
000000000000000000000000001100011111100001100000
000000000000000000000000001000011011100001100000
000000000000000000000000001000010000110000110000
000000000000000000000000001100010000010000110000
000000000000000000000000001111110000011111100000
000000000000000000000000000111110000001110000000
