000000000000000000000000110000000000000000000000
000000000000000000000001001000000000000000000000
000000000000000000000001001000000000000011100000
000000000000000000000001001100000000000100010000
000000000000000000000001000100000000001000010000
000000000000000000000001000100000000001000010000
000000000000000000000001000000111100010000010000
000000000000000000000001001110000001100000010000
000000000000000000000000110000000000010000010000
000000000000000000000001100000000000010000010000
000000000000000000000001000000000000000000010000
000000000000000000000010000000011000010000100000
000000000000000000000010000000100000010000100000
000000000000000000000010000001000000010001000000
000000000000000000000100000010110000010101000000
000000000000000000000110000000111000010101000000
000000000000000000000111010000111000000001000000
000000000000000000000110101000110000001110000000
000000000000000000001111101000110000010100000000
000000000000000000001110000000000000100110000000
000000000000000000010100000000000000100010000000
000000000000000000001111000000000000100000000000
000000000000000000001100100000000000100000000000
000000000000000000000100110000000011000000100000
000000000000000000000011001111111000000000110000
000000000000000000000000001100000000000000010000
000000000000000000000000001000000000000000001000
000000000000000000000000001000000000000000001000
000000000000000000000000001000000000000000000100
000000000000000000000000001000000000000000000100
000000000000000000000000001000000000000000000010
000000000000000000000000000000000000000000000010
000000000000000000000000000000000000000000000010
000000000000000000000000000000000000000000000011
000000000000000000000000000000000000000000000001
000000000000000000000000000000000000010000000001
000000000000000000000000000010000100000000000001
000000000000000000000000010011110010011000000010
000000000000000000000000000010011110000100101100
000000000000000000000000100010000011000100011000
000000000000000000000001100010110001000100001000
000000000000000000000001101000100001001010010000
000000000000000000000000000000000001010111100000
000000000000000000000000000000000000000010000000
