000000000000000000000000000000000000000000000000
000000000000000000000000000000000111000000000000
000000000000000000000000000001111111111000000000
000000000000000000000000001111111111111100000000
000000000000000000000000011111111111111110000000
000000000000000000000000011111111111111110000000
000000000000000000000000111111111111111110000000
000000000000000000000000111111111111111111000000
000000000000000000000000111111111111111111000000
000000000000000000000000011111111111111111000000
000000000000000000000000011111111111111110000000
000000000000000000000011111111111111111100000000
000000000000000000000111111111111111111100000000
000000000000000000000111111111111111111100000000
000000000000000000000111111111111111111110000000
000000000000000000000011111111111111111110000000
000000000000000000000011111111111111111110000000
000000000000000000000001111111111111111110000000
000000000000000000000000011111111111111111000000
000000000000000000000000000111111111111111110000
000000000000000000000000111111111111111111110000
000000000000000000000111111111111111111111110000
000000000000000000001111111111111111111111110000
000000000000000000011111111111111111111111110000
000000000000000000111110001111111111111111100010
000000000000000000111000000111111111111111101111
000000000000000000110000000111111111111111111111
000000000000000000000000001111111111111111111110
000000000000000000000000001111111111111111111100
000000000000000000000000000111111111111111111000
000000000000000000000000001111111111111111100000
000000000000000000000000001111111111111111100000
000000000000000000000000001111111011111111100000
000000000000000000000000001111110000111111110000
000000000000000000000000001111110000011111110000
000000000000000000000000001111110000011111100000
000000000000000000000000000111110000001110000000
