000000000000000000000000000000000000000000000000000000000000000000000000000000000000000000000000000000000000000000000000000000000000000000000000
000000000000000000000000000000000000000000000000000000000000000000000000000000000000000000000000000000000000000000000000000000000000000000000000
000000001111111111111111111111111111111111111111111111111111111111111111111111111111111111100000000000000000000000000000000000000000000000000000
000001111111111111111111111111111111111111111111111111111111111111111111111111111111111111111111111111111111111111111111111110000000000000000000
000011110000000000000000000000000000000000000000000000000000000000000000000000000000000000000000000000000111111111111111111111110000000000000000
000111000000000000000000000000000000000000000000000000000000000000000000000000000000000000000000000000000000000000000000000001111000000000000000
001110000000000000000000000000000000000000000000000000000000000000000000000000000000000000000000000000000000000000000000000000011100000000000000
001100000000000000000000000000000000000000000000000000000000000000000000000000000000000000000000000000000000000000000000000000001110000000000000
001100000000000000000000000000000000000000000111111100000000000000000000000000000000000000011100000000000000000000000000000000000110000000000000
001100000000000000000000000011111111111111111111111100000000000000000000000000000000000000111111110000000000000000000000000000000111000000000000
001100000000000000000000000011111111111111111110011100000000000000000000000000000000000000111111111000000000000000000000000000000011000000000000
001100000000000000000000000011000000000000000000001100000000000000000000000000000000000000110000111000000000000000000000000000000011000000000000
001100000000000000000000000011000000000000000000001100000000000000000000000000000000000000110000111000000000000000000000000000000011100000000000
001100000000000000000000000111000000000000000000001100000000000000000000000000000000000000110000110000000000000000000000000000000011110000000000
001100000000000000000000000111000000000000000000001100000000000000000000000000000000000000110001110000000000000000000000000000000011111100000000
001100000000000000000000000111000000000000000000111100000000000000000000000000000000000000110001110000000000000000000000000000000011011110000000
001100000000000000000000000111011111111111111111111100000000000000000000000000000000000000110001100000000000000000000000000000000011011111100000
001100000000000000000000000111011111111111111111100000000000000000000000000000000000000000110011100000000000000000000000000000000111111111110000
001100000000000000000000000111011000000000000000000000000000000000000000000000000000000000110011100000000000000000000000000000000011111111110000
001100000000000000000000000111011000000000000000000000000000000000000000000000000000000000110011000000000000000000000000000000000011111111111000
001100000000000000000000000111011000000000000000000000000000000000000000000000000000000000110011100000000000000000000000000000000011111111111000
001100000000000000000000000111011000000000000000000000000000111000000000000000000000000000011011100000000000000000000000000000000011111111111100
001100000000000000000000000111011000000000000000000000000011111001111000000000000000111100011001100000000000000000000000000000000011111111111100
001100000000000000000000000111011111111111111100000000000111111111111100000000000001111110011101100000000000000000000000000000000011111111111100
001100000000000000000000000110011111111111111110000000000111111111001111000000000011100111101101110000000000000000000000000000000011111111111100
001100000000000000000000000110001111111100001110000000000011111100000011110000000111000001111111110000000000000000000000000000000011111111111100
001100000000000000000000000110000000000000001110000000000011100000000001111000001110011100111110110000000000000000000000000000000011111111111100
001100000000000000000000000110000000000000001110000000000011100000000000011100001110111111001100110000000000000000000000000000000011111111111100
001100000000000000000000000110011111111111001110000000000001100001111100001100001101111111100000111000000000000000000000000000000011111111111100
001100000000000000000000000110011111111111111100000000000001100111111111001100001111110011110000111000000000000000000000000000000011111111111100
001100000000000000000000000110011000000011111100000000000001101111000111100110001110110001111000011000000000000000000000000000000011111111111100
001100000000000000000000001110011000000000000000000000000001101110000001100110001110110111111100011000000000000000000000000000000011111111111100
001100000000000000000000001110011000000000000000111000000001101110000001100110001110111111001110011100000000000000000000000000000011111111111100
001100000000000000000000001110011111111111111111111100000001100110000001110110001110011100111110011100000000000000000000000000000011111111111100
001100000000000000000000001110011111111111111111111100000001100110000000110111000110000011110110011100000000000000000000000000000011111111111100
001110000000000000000000001110000000000000000000001100000001100110000000110011000111011111000111111100000000000000000000000000000011111111111100
000110000000000000000000001110000000000000000000001100000001100111000000110111000011111100000111111000000000000000000000000000000011111111111000
000011000000000000000000001110000000000000000000001100000001111111000000111111000001100000000000000000000000000000000000000000000111111111111000
000011100000000000000000001110000000001111111111111100000001111110000000011000000000000000000000000000000000000000000000000000000111111111111000
000001111110000000000000001111111111111111111111111000000000000000000000000000000000000000000000000000000000000000000000000000001111111111111000
000000011111111111111111111111111111111111111111111111111111111111111111111111111111111111111111111111111111111111111111111111111111111111111000
000000000011111111111111111111111111111111111111111111111111111111111111111111111111111111111111111111111111111111111111111111111111111111111000
000000000001100011111110111111111101111111111111111101111101111111111101111100111110111110011110011110011111001111111111111111111111111111111000
000000000001100111111101111111111011111011111111111011111001111001111001111001111101111100111100111110011110011111111111111111111111111111111000
000000000001111111111111111111111111111111111111111111110111111111111111110011111111111011111011111101111100111111111111111111011111111111111000
000000000001111101111111111111111111111111111111111111111111111111111111101111111111110111111111111111111111111111111111111110111111111111111000
000000000000111011111111111111111111111111111111111111111111111111111111111111111111111111111111111111111111111111111111111101111111111111110000
000000000000111111111111111111111111100111100111110111110111111011111111111111111111111111111101111110111111111111111111111011111111111111100000
000000000000011111111111111111011111001111001111101111100111100111100111110111110111110111110001111001111111111011110011110111011111111111100000
000000000000001111111110111100111110011110011110011111001111001111001111001111001111101111100011110011111111100111100111101111111101111111000000
000000000000001111111111111111111111111111111111111111111111111111111111111111111111111111111111111111111111111111111111111111111111111100000000
000000000000000001111111111111111111111111111111111111111111111111111111111111111111111111111111111111111111111111111111111111111111000000000000
000000000000000000000000000000000000000000000000000000000000000000000000000000000000000000000000000000000000000000000000000000000000000000000000
000000000000000000000000000000000000000000000000000000000000000000000000000000000000000000000000000000000000000000000000000000000000000000000000
