000000000000000000000000000000000000000000000000000000000000000000000000000000000000000000000000000000000000000000000000000000000000000000000000
000000000000000000000000000000000000000000000000000000000000000000000000000000000000000000000000000000000000000000000000000000000000000000000000
000000011111111111111111111111111111111111111111111111111111111111111111111111111111111111111111111111111111111111111111100000000000000000000000
000001111111111111111111111111111111111111111111111111111111111111111111111111111111111111111111111111111111111111111111111111000000000000000000
000111100000000000000000000000000000000000000000000000000000000000000000000000000000000000000000000000000000000000111111111111110000000000000000
001111000000000000000000000000000000000000000000000000000000000000000000000000000000000000000000000000000000000000000000000001111000000000000000
001100000000000000000000000000000000000000000000000000000000000000000000000000000000000000000000000000000000000000000000000000011100000000000000
001100000000000000000000000000000000000000000000000000000000000000000000000000000000000000000000000000000000000000000000000000001100000000000000
001100000000000000000000000000000000111111111111111000000000000000000000000000000000000000011111000000000000000000000000000000001110000000000000
001100000000000000000000000011111111111111111111111100000000000000000000000000000000000000111111110000000000000000000000000000000110000000000000
001100000000000000000000000111111111111111111000011100000000000000000000000000000000000000111111110000000000000000000000000000000011000000000000
001100000000000000000000000111000000000000000000001100000000000000000000000000000000000000110000110000000000000000000000000000000011000000000000
001100000000000000000000000110000000000000000000001100000000000000000000000000000000000000110000110000000000000000000000000000000011000000000000
001100000000000000000000000110000000000000000000001100000000000000000000000000000000000000110001110000000000000000000000000000000011000000000000
001100000000000000000000000110000000000000000000011100000000000000000000000000000000000000110001100000000000000000000000000000000011000000000000
001100000000000000000000000110000000000000000111111000000000000000000000000000000000000000110001100000000000000000000000000000000110000000000000
001100000000000000000000000110011111111111111111111000000000000000000000000000000000000000110001100000000000000000000000000000000110000000000000
001100000000000000000000000110111111111111111110000000000000000000000000000000000000000000110011000000000000000000000000000000000110000000000000
001100000000000000000000000110010000000000000000000000000000000000000000000000000000000000110011000000000000000000000000000000000110000000000000
001100000000000000000000000110010000000000000000000000000000000000000000000000000000000000110011000000000000000000000000000000000110000000000000
001100000000000000000000000110011000000000000000000000000000000000000000000000000000000000110011000000000000000000000000000000000110000000000000
001100000000000000000000000110010000000000000000000000000001111000000000000000000000110000110011000000000000000000000000000000000111000000000000
001100000000000000000000000110010000000000000000000000000111111011111000000000000001111100011001100000000000000000000000000000000111000000000000
001100000000000000000000000110011111111111111100000000000111111111111100000000000011111110011001100000000000000000000000000000000111000000000000
001100000000000000000000000110011111111111111100000000000111111110001111000000000011000111111101100000000000000000000000000000000011000000000000
001100000000000000000000000110001111110000001100000000000011111000000011110000000110010011111101100000000000000000000000000000000011000000000000
001100000000000000000000000110000000000000001100000000000011100000000001111000001110111100111101110000000000000000000000000000000011000000000000
001100000000000000000000000110001100000000001100000000000011100000000000011100001101111111001100110000000000000000000000000000000011000000000000
001100000000000000000000001110011111111111111100000000000011100011111100001100011101111111100000110000000000000000000000000000000011000000000000
001100000000000000000000001110111111111111111100000000000011100111111111001100001101100011110000110000000000000000000000000000000011000000000000
001100000000000000000000001110110000000001111000000000000011101110000111001100001101100001110000111000000000000000000000000000000011000000000000
001100000000000000000000001100010000000000000000000000000011101100000001100110001100110111101100011000000000000000000000000000000011000000000000
001100000000000000000000001100011000000000000001111000000001101100000001100110001100111110011100011000000000000000000000000000000011000000000000
001100000000000000000000001100011111111111111111111000000001101100000001100110001100011001111110011000000000000000000000000000000011000000000000
001100000000000000000000001100011111111111111111011000000001101110000000100110001110000111110110011000000000000000000000000000000011000000000000
001100000000000000000000001100000000000000000000001000000001100110000000110011000111011111000111111000000000000000000000000000000011000000000000
000110000000000000000000001100000000000000000000001000000001100110000000111111000011111000000111110000000000000000000000000000000110000000000000
000111000000000000000000001100000000000000000000011000000001111110000000111110000001100000000000000000000000000000000000000000000110000000000000
000011110000000000000000001100000000011111111111111000000001111110000000011000000000000000000000000000000000000000000000000000001110000000000000
000011111110000000000000001111111111111111111111111000000000000000000000000000000000000000000000000000000000000000000000000000011100000000000000
000000011111111111111111111111111111111111111111111111111111111111111111111111111111111111111111111111111111111111111111111111111000000000000000
000000000001111111111111111111111111111111111111111111111111111111111111111111111111111111111111111111111111111111111111111111110000000000000000
000000000000000000000000000000000000000000000000000000000000000000000000000000000000000000000000000000000000000000000000000000000000000000000000
000000000000000000000000000000000000000000000000000000000000000000000000000000000000000000000000000000000000000000000000000000000000000000000000
000000000000000000000000000000000000000000000000000000000000000000000000000000000000000000000000000000000000000000000000000000000000000000000000
000000000000000000000000000000000000000000000000000000000000000000000000000000000000000000000000000000000000000000000000000000000000000000000000
000000000000000000000000000000000000000000000000000000000000000000000000000000000000000000000000000000000000000000000000000000000000000000000000
000000000000000000000000000000000000000000000000000000000000000000000000000000000000000000000000000000000000000000000000000000000000000000000000
000000000000000000000000000000000000000000000000000000000000000000000000000000000000000000000000000000000000000000000000000000000000000000000000
000000000000000000000000000000000000000000000000000000000000000000000000000000000000000000000000000000000000000000000000000000000000000000000000
000000000000000000000000000000000000000000000000000000000000000000000000000000000000000000000000000000000000000000000000000000000000000000000000
000000000000000000000000000000000000000000000000000000000000000000000000000000000000000000000000000000000000000000000000000000000000000000000000
000000000000000000000000000000000000000000000000000000000000000000000000000000000000000000000000000000000000000000000000000000000000000000000000
000000000000000000000000000000000000000000000000000000000000000000000000000000000000000000000000000000000000000000000000000000000000000000000000
