000000000000000000000000000000000000000000000000
000000000000000000000000000000000000000000000000
000000000000000000000000000000000000000000000000
000000000000000000000000000000000000000000000000
000000000000000000000000000000000000000000000000
000000000000000000000000000000000000000000000000
000000000000000000000000000000000000000000000000
000000000000000000000000000000000000000000000000
000000000000000000000000000000000000000000000000
000000000001111110000000000000000000000000000000
000000000011111111100000000000000000000000000000
000000001111111111110000000000000000000000000000
000000011111111111110000000000000000000000000000
000000111111111111111000000000000000000000000000
000000111111111111111100000000000000000000000000
000001111111111111111100000000000000000000000000
000001111111111111111111000000000000000000000000
000001111111111111111111111111000000000000000000
000011111111111111111111111111111000000000000000
000011111111111111111111111111111100000000000000
000011111111111111111111111111111100000000000000
000011111111111111111111111111111100000000000000
000011111111111111111111111111110000000000000000
000011111111111111111111111111110000000000000000
000001111111111111111111111111100000000000000000
000000111111111111111111111000000000000000000000
000000001111111111111111111000000000000000000000
000000011111111111111111111110000000000000000000
000000111111111111111111111110000000000000000000
000000111111111111111111111000000000000000000000
000000111111111111111100000000000000000000000000
000000111111111111111110000000000000000000000000
000000011111111111111111000000000000000000000000
110111011111111111111111100000000000000000000000
110111111111111111111111100000000000000000000000
110111111111111111111111000000000000000000000000
111111111111111111111110000000000000000000000000
011111111111111111111110000000000000000000000000
001111111111111111111110000000000000000000000000
000000111111111111111110000000000000000000000000
000000111111111111111110000000000000000000000000
000000111111111111111111000000000000000000000000
000000111111111111111111000000000000000000000000
000000111111000000011111100000000000000000000000
000000111111000000011111110000000000000000000000
000000111111000000001111110000000000000000000000
000000111111000000001111110000000000000000000000
000000111111000000000111100000000000000000000000
000000011110000000000010000000000000000000000000
000000001110000000000000000000000000000000000000
