000000000011111100000000000000000000000000000000
000000001110000011000000000000000000000000000000
000000011000000000110000000000000000000000000000
000000100000000000011000000000000000000000000000
000001000000000000001100000000000000000000000000
000011000000000000000100000000000000000000000000
000010000000000000000010000000000000000000000000
000010000000000000000010000000000000000000000000
000100000000000000000010000000000000000000000000
000100000000000000000001000000000000000000000000
000100000000000000000001000000000000000000000000
000100000000000000000010000000000000000000000000
000100000000000000000010000000000000000000000000
000100000000000000000010000000000000000000000000
000100000000000000000010000000000000000000000000
000100000000000000000100000000000000000000000000
000100000000000000000100000000000000000000000000
000110000000000000001000000000000000000000000000
000010000000000000011000000000000000000000000000
000001000000000000110000000000000000000000000000
000001100000000001100000000000000000000000000000
000000110000000110000000000000000000000000000000
000000001100111000000000000000000000000000000000
000000000111000000000000000000000000000000000000
000000001010000000000000000000001110000000000000
000000001110000000000000000001111110000000000000
000000000100000011111100000010011110000000000000
000000000100000110000110001100110110000000000000
000000000100000000000011111000000010000000000000
000000001000010001111000000000000110000000000000
000000001000100000011100000000111100000000000000
000000001001000010011000000001101000000000000000
000000001011000110011000000110001000000000000000
000000001010000110000000001100010000000000000000
000000001110000010000000010000000000000000000000
000000001100000010001101100000000000000000000000
000000001100000010001100000000111000000000000000
000000001100000110001111111111001100000000000000
000000001100000110000000000000011100000000000000
000000001100000100000000111111110000000000000000
000000000111111000000001000000000001111000000000
000000000101000000000001000000000011111100000000
000000000110000000000001000000000111111110000000
000000000110000000000001000000000111111110000000
000000001100000000000001000000000111111110000000
000000010100001100000001000000000111100100000000
000000100010001000000001100000000001111100000000
000000100011001100000011100000000000010000000000
000001000001000100010010100000000000000000000000
000001000000100100010010100000000000000000000000
000001000111111110010111100000000000000000000000
000011000000011110111101100000000000001111100000
000001000000010011111111100000000000011111111000
000001000000011011011110100000000000111111111100
000001000000010111011010110000000001111111111110
000000001000011101011010010000000001111111111110
000000101000010101011011010000000001111111111111
000001001100100101011011010000000011111011111111
000010111101100101001010010000000001111111011111
011101100100100111001010001000000001111111111111
111110000100011111101111101100000001111111111010
110000000100000011111100010000000000111111111100
000000000111111110000000000000000000011111111000
000000000000000000000000000000000000000011100000
