000000000000000000000000000000000000000000000000
000000000000000000000000000000000000000000000000
000000000000000000000000000000000000000000000000
000000000000000000000000000000000000000000000000
000000000000000000000000000000000000000000000000
000000000000000000000000000000000000000000000000
000000000000000000000000000000000000000000000000
000000000000000000000000000000000000000000000000
000000000000000000000000000000000000000000000000
000000000000000000000000000000000000000000000000
000000000000011000000000000000000000000000000000
000000000000111111000000000000000000000000000000
000000001000000011100000000000000000000000000000
000000011100000001110000000000000000000000000000
000000110000000000110000000000000000000000000000
000001100000000000011000000000000000000000000000
000001100000000000011000000000000000000000000000
000001000000000110001110000000000000000000000000
000011000000001110001111111000000000000000000000
000011000011001110000000011111100000000000000000
000010000011000000000000000001111000000000000000
000110000011000000000000000001111100000000000000
000110000011000000000000000001111100000000000000
000110000010000000000000000000110000000000000000
000110000110000000000000000000100000000000000000
000011000110000000111111111111100000000000000000
000001111100000000011111111110000000000000000000
000000011100000000001000011000000000000000000000
000000001000000000001000111100000000000000000000
000000011000000000001111111111111000000001000000
000000011000000000001111111111111111111111111100
000000011000010000001011111100000000000000001110
000000011000110000001011111000000000000000000111
000000011000110010001011111111111111111111111110
100110011000100110001111111111111111111111111000
101111010001100110001100011000000000000000000000
101111110001100110001000000000000000000000000000
111101110011001100001100000000000000000000000000
111111110011001100001100000000000000000000000000
011111110011001100001100000000000000000000000000
000111110011111000000110000000000000000000000000
000000100001110000000110000000000000000000000000
000000100000000000000110000000000000000000000000
000000110001111111110011000000000000000000000000
000011100011111111110011000000000000000000000000
000111000110000000010001100000000000000000000000
001100001100000000011000100000000000000000000000
001100011000000000011000110000000000000000000000
001111110000000000001111100000000000000000000000
000011110000000000000111000000000000000000000000
