000000000000000000000000000000000000000000001000
000000000000000000000000000000000000000111111100
000000000000000000000000000000000000001111111000
000000000000000000000000000000000000111000110000
000000000000000000000000000000000001100001100000
000000000000000000000000000000000111000111000000
000000000000000000000000000000001100001110000000
000000000000000000000000000000111000111000000000
000000000000000000000000011001110001110000000000
000000000000011110000000111111000111000000000000
000000000000011111100000111110001100000000000000
000000001110000001110000011111011000000000000000
000000011100000000010000011111110000000000000000
000000110000000000011001111111100000000000000000
000000110000000000001111111110110000000000000000
000001100000000010001111111111110000000000000000
000001100000000110001111111100000000000000000000
000001000001100110000001111111000000000000000000
000001000001100110000000001111111000000000000000
000011000001100000000000000000111100000000000000
000011000001000000000000000001111100000000000000
000011000011000000000000000000111100000000000000
000011000011000000000000000000010000000000000000
000011000011000000001000000001110000000000000000
000001110110000000011111111111100000000000000000
000000111110000000001110011000000000000000000000
000000001100000000001100000000000000000000000000
000000001100000000001100000000000000000000000000
000000001100000000001100000000000000000000000000
000000001100000000000100000000000000000000000000
000000001100000111001100000000000000000000000000
000000001100000011111110000000000000000000000000
000000001000010000000111000000000000000000000000
110111011000011100000001100000000000000000000000
110111111000001111000001100000000000000000000000
110101111000000011111111000000000000000000000000
011111111000000000011110000000000000000000000000
011111111000000000000110000000000000000000000000
001111111000000000000110000000000000000000000000
000000110000000000000010000000000000000000000000
000000010000000000000011000000000000000000000000
000000110000000000100011000000000000000000000000
000000110001111111111001000000000000000000000000
000000110011000000011001100000000000000000000000
000000110011000000001000110000000000000000000000
000000110011000000001100110000000000000000000000
000000110011000000001100110000000000000000000000
000000011011000000000111100000000000000000000000
000000011110000000000010000000000000000000000000
000000000110000000000000000000000000000000000000
