000000000000000000000000000000000000000000000000
000000000000000000000000000000000000000000000000
000000000000000000000000000000000000000000000000
000000000000000000000000000000000000000000000000
000000000000000000000000000000000000000000000000
000000000000000000000000000000000000000000000000
000000000000000000000000000000000000000000000000
000000000000000000000000000000000000000000000000
000000000000000000000000000000000000000000000000
000000000000011110000000000000000000000000000000
000000000000011111100000000000000000000000000000
000000001110000001110000000000000000000000000000
000000011100000000110000000000000000000000000000
000000110000000000011000000000000000000000000000
000000110000000000001100000000000000000000000000
000001100000000010001100000000000000000000000000
000001100000000110001111000000000000000000000000
000001000001000110000001111111000000000000000000
000011000001100110000000001111111000000000000000
000011000001100000000000000000111100000000000000
000011000001000000000000000001111100000000000000
000011000011000000000000000000111100000000000000
000011000011000000000000000000010000000000000000
000011000011000000000000000001110000000000000000
000001110110000000011111111111100000000000000000
000000111110000000001111111000000000000000000000
000000001100000000001111111000000000000000000000
000000011100000000001100011110000000000000000000
000000111100000000001100011110000000000000000000
000000111100000000001111111000000000000000000000
000000101100000111001100000000000000000000000000
000000111000000011111110000000000000000000000000
000000011000010000000111000000000000000000000000
110111011000011100000001100000000000000000000000
110111111000001111000001100000000000000000000000
110101111000000011111111000000000000000000000000
111111111000000000011110000000000000000000000000
011111111000000000000110000000000000000000000000
001111111000000000000110000000000000000000000000
000000110000000000000110000000000000000000000000
000000110000000000000010000000000000000000000000
000000110000000000000011000000000000000000000000
000000110001111111110001000000000000000000000000
000000110011000000011001100000000000000000000000
000000110011000000011000110000000000000000000000
000000110011000000001000110000000000000000000000
000000110011000000001100110000000000000000000000
000000111011000000000111100000000000000000000000
000000011110000000000010000000000000000000000000
000000001110000000000000000000000000000000000000
