000000000000000000000000000000000000000000000000
001100000000000000000000000000000000000000000000
010010000000000000000000000000000000000000000000
010010000000000000000000000000000000000000000000
100001000000000000000000000000000000000000000000
000001000000000000000000000000000000000000000000
000000100000000000000000000000000000000000000000
000000100000000000000000000000000000000000000000
000000010000000000000000000000000000000000000000
000000010000000000000000000000000000000000000000
000000000000000000000000000000000000000000000000
000000001000000000000000000000000000000000000000
000000001100000000000000000000000000000000000000
000000000100000000000000000000000000000000000000
000000000110000000000000000000000000000000000000
011100000110000000000000000000000000000000000000
011110011110000000000000000000000000000000000000
000000000010000000000000000000000000000000000000
000001111100000000000000000000000000000000000000
000000000010000000000000000000000000000000000000
000000000010000000000000000000000000000000000000
000000000010000000000000000000000000000000000000
000000000010000000000000000000000000000000000000
000000000010000000000000000000000000000000000000
000000000010000000000000000000000000000000000000
000000011110000000000000000000000000000000000000
000000010110000000000000000000000000000000000000
000000000110000000000000000000000000000000000000
000000100110000000000000000000000000000000000000
000000100110000000000000000000000000000000000000
000001100010000000000000000000000000000000000000
011111111110000000000000000000000000000000000000
111111111110000000000000000000000000000000000000
000000001110000000000000000000000000000000000000
000000000010000000000000000000000000000000000000
000000000010000000000000000000000000000000000000
000000000010000000000000000000000000000000000000
000000000010000000000000000000000000000000000000
000000000010000000000000000000000000000000000000
111011101110110000000000000000000000000000000000
011111101111111000000000011000000000000000000000
001110111011101000000000110100000000000000000000
001110111011101000000001100110000000000000000000
000000000000001000000011000011000000000000000000
000000000000001000000110000001100000000000000000
000000000000001000000100000000110000000000000000
000011000000001000001000000000011000000000000000
000011000000001000010000000000001100000000000000
000100100000001000111111111111111100000000000000
000100100000001000001100000000110000000000000000
000100100000001000000100000000110000000000000000
000100100000001000000100000000110000000000000000
000100100000001000000100000000110000000000000000
000100100000001000000101111110110000000000000000
001111110000001000000101100010110000000000000000
011111110000001000001101000010110000000000000000
011111110000001000001101000010110000000000000000
000111100000001000111101100011111000000000000000
000111100000001000111101100111111110000000000000
000111100000001100111111111101111110000000000000
000011100000001111100110011101110110000000000000
000000000000000000000000000000000110000000000000
000000000000000000000000000000000110000000000000
000000000000000000000000000000000110000000000000
000001111100000000000000000000000110000000000000
000110000011000000000000000000000110000000000000
001101111101100000000000000000000110000000000000
011010000110110000000000000000000110000000000000
010100000001010000000000000000000110000000000000
001000000000111000000000000000000110000000000000
001000000000101000000000000000000110000000000000
010000000000101000000000000000000110000000000000
110000000000011000000000000000000110000000000000
110000000000011000000000000000000110000000000000
010000000000011000000000000000000110000000000000
100000000000011000000000000000000110000000000000
100000000000011000000000000000000110000000000000
000000000000011000000000000000000110000000000000
100000000000011000000000000000000110000000000000
000000000000011000000000000000000110000000000000
100000000000011000000000000000000110000000000000
100000000000011111111111100000011110000000000000
000000000000011111111111111111111110000000000000
000000000000011000000000000000000110000000000000
000000000000011000000000000000000110000000000000
000000000000011000000000000000000110000000000000
111111111111111111111111111111111110000000000000
