000000000011111100000000000000000000000000000000
000000001111111111000000000000000000000000000000
000000011111111111110000000000000000000000000000
000000111111111111111000000000000000000000000000
000001111111111111111100000000000000000000000000
000011111111111111111100000000000000000000000000
000011111111111111111110000000000000000000000000
000011111111111111111110000000000000000000000000
000111111111111111111110000000000000000000000000
000111111111111111111111000000000000000000000000
000111111111111111111111000000000000000000000000
000111111111111111111110000000000000000000000000
000111111111111111111110000000000000000000000000
000111111111111111111110000000000000000000000000
000111111111111111111110000000000000000000000000
001111111111111111111100000000000000000000000000
000111111111111111111100000000000000000000000000
000111111111111111111100000000000000000000000000
000011111111111111111000000000000000000000000000
000011111111111111110000000000000000000000000000
000001111111111111100000000000000000000000000000
000000111111111110000000000000000000000000000000
000000001111111000000000000000000000000000000000
000000000111000000000000000000000000000000000000
000000001110000000000000000000001110000000000000
000000001110000000000000000001111110000000000000
000000000100000011111100000011111110000000000000
000000000100000111111110001111111110000000000000
000000000100001111111111111111111110000000000000
000000001000011111111111111111111110000000000000
000000001000111111111111111111111100000000000000
000000001001111111111111111111101000000000000000
000000001011111111111111111110001000000000000000
000000001011111111111111111100010000000000000000
000000001111111111111111111000000000000000000000
000000001111111111111111100000000000000000000000
000000001111111111111100000000111000000000000000
000000001111111111111111111111111100000000000000
000000001111111111111111111111111100000000000000
000000001111111111111111111111110000000000000000
000000000111111111111111000000000001111000000000
000000000111111111111111000000000011111100000000
000000000111111111111111000000000111111110000000
000000000111111111111111000000000111111110000000
000000001111111111111111000000000111111110000000
000000011111111111111111000000000111111100000000
000000111111111111111111100000000001111100000000
000000111111111111111111100000000000010000000000
000001111111111111111111100000000000000000000000
000001111111111111111111100000000000000000000000
000001111111111111111111100000000000000000000000
000011111111111111111111100000000000001111100000
000001111111111111111111100000000000011111111000
000001111111111111111111100000000000111111111100
000001111111111111111011110000000001111111111110
000000111111111111111011110000000001111111111110
000000111111111111111011110000000001111111111111
000001111111100111111011110000000011111111111111
000011111111100111111011110000000001111111111111
011111100111100111111011111000000001111111111111
111110000111111111111111111100000001111111111110
110000000111111111111100010000000000111111111110
000000000111111110001000000000000000011111111000
000000000000000000000000000000000000000011100000
