000000000011111100000000000000000000000000000000
000000001110000011000000000000000000000000000000
000000011000000000110000000000000000000000000000
000000100000000000001000000000000000000000000000
000001000000000000001100000000000000000000000000
000011000000000000000100000000000000000000000000
000010000000000000000010000000000000000000000000
000010000000000000000010000000000000000000000000
000100000000000000000010000000000000000000000000
000100000000000000000001000000000000000000000000
000100000000000000000001000000000000000000000000
000100000000000000000010000000000000000000000000
000100000000000000000010000000000000000000000000
000100000000000000000010000000000000000000000000
000100000000000000000010000000000000000000000000
000100000000000000000100000000000000000000000000
000100000000000000000100000000000000000000000000
000110000000000000001000000000000000000000000000
000010000000000000011000000000000000000000000000
000001000000000000110000000000000000000000000000
000001100000000001100000000000000000000000000000
000000010000000110000000000000000000000000000000
000000001100111000000000000000000000000000000000
000000000111100000000000000000000000000000000000
000000001110000000000000000000001110000000000000
000000001110000000000000000001111110000000000000
000000000100000011111100000011011110000000000000
000000000100000010000110001100110010000000000000
000000000100000000000001111000000010000000000000
000000001000010001111000000000000110000000000000
000000001000100000011100000000111100000000000000
000000001001000010011100000001101000000000000000
000000001001000010011000000110001000000000000000
000000001010000010000000001100010000000000000000
000000001110000010000000011000000000000000000000
000000001100000010001101100000000000000000000000
000000001100000010001100000000111000000000000000
000000001100000010001111111111001100000000000000
000000001100000110000000000000011100000000000000
000000001100000100000000111111110000000000000000
000000000111111000000001100000000000000000000000
000000000101000000000001000000000000000000000000
000000000110000000000001000000000000000000000000
000000000110000000000001000000000000000000000000
000000001100000000000001000000000000000000000000
000000010100000100000001000000000001100000000000
000000110010001000000001100000000001100110000000
000000100011000100000011100000000010111110000000
000001000001000100010010100000011100000100000000
000001000000100100010010100000000000001100000000
000001000111111010010111100000000000000100000000
000001000000011110111101100000000000000100000000
000001000000011110111111100000000000000000000000
000001000000001001011110100000000000000000000000
000001000000010011011010010000000000000000000000
000000101000011101011010010000000100000000000000
000000101000011101011011010000000110001000000000
000001101100100101011011010000001111110000000000
000011011100100101001010010000011000100000000000
011101100100100111001010001000001000000000000000
111110000100011111101111101100001000000000000000
110000000100000011110100010000001000000000000000
000000000111111110001100000000001100000000000000
000000000000000000000000000000000000000000000000
