000000000000000000000000000000000000000000000000
000000000000000000000000000000000000000000000000
000000000000000000000000000000000000000000000000
000000000000000000000000000000000000000000000000
000000000000000000000000000000000000000000000000
000000000000000000000000000000000000000000000000
000000000000000000000000000000000000000000000000
000000000010000010000000000000000000000000000000
000000000010000010000000000000000000000000000000
000000000110000110000000000000000000000000000000
000000000010000100000000000000000000000000000000
000000000000001100000000000000000000000000000000
000110000000001000000000000000000000000000000000
000011000000000000000000000000000000000000000000
000000100000000000000000000000000000000000000000
000000000000000000000000000000000000000000000000
000000000000000000000000000000000000000000000000
000000000000000001110000000000000000000000000000
011000000000000000000000000000000000000000000000
001111100000000100000000000000000000000000000000
000000000000000010000000000000000000000000000000
000000011100000001100000000000000000000000000000
000000011111100000010000000000000000000000000000
000000001001110000000000000000000000000000000000
000000001111000000000000000000011110000000000000
000000011110000000010000000001111110000000000000
000000011110000011111100000110111110000000000000
000000000100000110000010001101110010000000000000
000000000100000000000001110000000010000000000000
000000001000010001010000000000000100000000000000
000000001000100001110000000000111100000000000000
000000001001000000111000000011001000000000000000
000000001011000110111000000110011000000000000000
000000001010000110000000001000110000000000000000
000000001110000110000000010000000000000000000000
000000001000000010001100100000000000000000000000
000000001100000010001100000001111000000000000000
000000001100000110000111111110001100000000000000
000000001100000100000000000000011100000000000000
000000001110000100000001111111100000000000000000
000000000111111000000000000000000000000000000000
000000000111000000000001000000000000000000000000
000000000110000000000001000000000000000000000000
000000000100000000000001000000000000000000000000
000000001100000000000001000000000000000000000000
000000010110001100000001000000000000000000000000
000000100010001000000001100000000000000000000000
000000100011001100000010100000000000000000000000
000001000001000100010010100000000000000000000000
000001000100110100010010000000000000000000000000
000011000011111010010111100000000000000000000000
000011000000011100111101100000000000000000000000
000011000000011011111110100000000000000000000000
000001000000011011011110100000000000000000000000
000001000000010111011010010000000000000000000000
000000001000011101011010010000000000000000000000
000000101000110101011011010000000000000000000000
000001001100100101011011010000000000000000000000
000110110101100101001010011000000000000000000000
011101100100110111001010001000000000000000000000
111110000100011111100101111100000000000000000000
100000000110000011011100000000000000000000000000
000000000111111100000000000000000000000000000000
000000000000000000000000000000000000000000000000
