00000000000000000000000000000000000000000000000000000000000000000000000000000000000000000000000000000000000000000000000000000000
00000111111111111111111111111111111111111111111111111111111111111111111111111111111111111111111111111111111111111111000000000000
00011000000000000000000000000000000000000000000000000000000000000000000000000000000000000000000000000000000000000001110000000000
00110000000000000001100000000000000000000000000000000000000000000000000000000000000000000000000000000000000000000000011000000000
01100000000000000011110000000000000000000000000000000000000000000000000000000000000000000000000000000000000000000000001100000000
01000000000000000010010000000000000000000000000000000000000000000000000000000000000000100000000000000000000000000000000100000000
11000000000010000010010000000000000000000000000000000000000000000000000000000000000001110000000000000000000000000000000111000000
11000001111110000010010000000000000000000000000000000000000000000000000000000000000011010000000000000000000000000000000111110000
11000111000010000010010000000000000000000000000000000000000000000000000000000000000011010000000000000000000000000000000011111000
11000111111010000010010000000000000000000000000000000000000000000000000000000000000001010000000000000000000000000000000011111100
11000010001110000010010000000000000000000000000000001110000000000000000000011000000001010000000000000000000011110000000011111110
11000000001110000010010000000000000000000000000000011010000000000000000000111000000001010000100011111111111111100000000011111110
11000000001010000010010000000000000000000000000000010010000000000000000000111001110001010001110011100001111001000000000011111010
11000000001011111110010000000000000000000000000001111011110000100000000000111110011001010110011111111011011111000000000011111110
11000000001001111100110000010001110001001111000011110011110001111000000000111000001111011100111101111111111110000000000011111110
11000000001011111110010001111011110011101111000011110000010011001110000000100111100111011100111001000110110100000000000011111110
11000000001010000010110011101110110010101110000001110011110110110110000000100110110111011101001101000011001100000000000011111110
11000000001010000010110111110111110110101010000000010010000101111110000000100011100101010101001001000001001000000000000011111110
11000000011010000010110111011101010111111110000000010010100101001110000000100100000101010101111100100001101000000000000011111110
11000000010010000010110111110101111111011100000000010011110101001110000000101111101101110100011110110000101000000000000011111110
01000000010110000010110111111100111111110100000000010000011101111100000000101100111001110111111011100000101000000000000011111110
01000000111100000010110010011000101100101100000000011000110111011100000000100100000000000000110001100000101000000000000111111110
01100000001100000011110011110000111000111000000000001101100011111000000001100100000000000000000011111111101000000000000111111110
00110000000000000011100000000000011000011000000000000110000000000000000001111100000000000000000011111111111000000000011111101110
00001111111111111111111111111111111111111111111111111111111111111111111111111111111111111111111111111111111111111111111111111110
00001111111111111111111111111111111111111111111111111111111111111111111111111111111111111111111111111111111111111111111111111110
00001111111111101111100110110011011101100110110110011011011101100110111111011011101101100110110111011011101101111111111111111110
00001111111111111111101111110111111011101111111111111111111011111111111110111111111011101111111110110111111111111111111111111110
00001111111111111111011111111111111111111111111111111111111111111111111111111111111111111111111111111111111111111111111111111110
00001101101111111111111111110111111011101111111111111111111111111101111110111111011111111101111111111111111111111111111111111110
00000111011111011011011111101110110011011101111101101111110111011011111101110110111011011011101111111111111111011111111111111100
00000111111110110110011011001101100110011011011011011101101100110111011011101100110110110011011111111111111110111111111111111000
00000000111111111111111111111111111111111111111111111111111111111111111111111111111111111111111111111111111111111111111111110000
00000000000000000000000000000000000000000000000000000000000000000000000000000000000000000000000000000000000000000000000000000000
