0000000000000011111111111111111111100111111111111111111111111111111111111111111111111111111111111111111111111111111111111111111111111111111111111111111111111111111111001111111111111111000000000000000000000000
0000000000000011111111111111111111100111111111111111111111111111111111111111111111111111111111111111111111111111111111111111111111111111111111111111111111111111111111001111111111111111000000000000000000000000
0000000000000000110000000000000000011000000000000000000000000000000000000000000000000000000000000000000000000000000000000000000000000000000000000000000000000000000000000000000000000000000000000000000000000000
0000000011111000000000000000000000011000000000000000000000000000000000000000000000000000000000000000000000000000000000000000000000000000000000000000000000000000000000000000000000000000000111110000000000000000
0000000011111000000000000000000000011000000000000000000000000000000000000000000000000000000000000000000000000000000000000000000000000000000000000000000000000000000000000000000000000000000111110000000000000000
0000000000000000000000000000000000111100000000000000000000000000000000000000000000000000000000000000000000000000000000000000000000000000000000000000000000000000000000000000000000000000000000001100000000000000
0000001100000000000000000000000011111111000000000000000000000000000000000000000000000000000000000000000000000000000000000000000000000000000000000000000000000000000000000000000000000000000000001110000000000000
0000001100000000000000000000000011111111000000000000000000000000000000000000000000000000000000000000000000000000000000000000000000000000000000000000000000000000000000000000000000000000000000001110000000000000
0000011100000000000000000000000011000111000000000000000000000000000000000000000000000000000000000000000000000000000000000000000000000000000111110000000000000000000000000000000000000000000000000001100000000000
0000011100000000000000000000000011000111000000000000000000000000000000000000000000000000000000000000000000000000000000000000000000000000000111110000000000000000000000000000000000000000000000000001100000000000
0000011100000000000000000000000011000011000000000000000000000000000000000000000000000000000000000000000000000000000000000000000000000000000111110000000000000000000000000000000000000000000000000001100000000000
0000011100000000111111111100000011100011000000000000000000000000000000000000000000000000000000000000000000000000000000000000000000000000000111110000000000000000000000000000000000000000000000000001100000000000
0000011100000000111111111100000011100011000000000000000000000000000000000000000000000000000000000000000000000000000000000000000000000000000111110000000000000000000000000000000000000000000000000001100000000000
0001111100000111111111111100000011100011000000000000000000000000000000000000000000000000000000000000000000000000000000000000000000000000000111110000000000000000000000000000000000000000000000000001100000000000
0001111100000111111111111100000011100011000000000000000000000000000000000000000000000000000000000000000000000000000000000000000000000000000111000000000000000000000000000000000000000000000000000000000000000000
0001111100000111111111111100000011100011000000000000000000000000000000000000000000000000000000000000000000000000000000000000000000000000000111000000000000000000000000000000000000000000000000000000000000000000
0001111100000000000111110000000011100011000000000000000000000000000000000000000000000011111000000000000000000000000000000001111100000000000111000000000000000000111111111110011111111100000000000000000000000000
0001111100000000000111110000000011100011000000000000000000000000000000000000000000000011111000000000000000000000000000000001111100000000000111000000000000000000111111111110011111111100000000000000000000000000
0001111100000000000111110000000011100011000000000000000000000000000000000000000000000111111110000000000000000000000000000001111100000000000111110000000000000111111111111110011111111000000000000000000000000000
0000011100000000000001111110000011100000000000000000000000000000000000000000000000000111111110000000000000000000000000000001111100111111000111110000011111111111111000001111111111111000000000000001100000000000
0000011100000000000001111110000011100000000000000000000000000000000000000000000000000111111110000000000000000000000000000001111100111111000111110000011111111111111000001111111111111000000000000001100000000000
0000011100000000000001111111111111100000000000000000000000000000000001110000000000011111000111110000001111000000000000000001111111100111111111111110011111111111111001111111111111100000000000000001100000000000
0000011100000000000001111111111111100011000000110000001111100000000001111100000011111111000111110000011111111000000000000001111111100000111111111110000011111111111111111111111111000000000000000001100000000000
0000011100000000000001111111111111100011000000110000001111100000000001111100000011111111000111110000011111111000000000000001111111100000111111111110000011111111111111111111111111000000000000000001100000000000
0000001100000000000001110000000011100000000111111111111111100111111001111110000000111111000111111111111100011111000000000000000011111000111111001110001100111111000000111110011100000000000000000001100000000000
0000001100000000000001110000000011100000000111111111111111100111111001111110000000111111000111111111111100011111000000000000000011111000111111001110001100111111000000111110011100000000000000000001100000000000
0000001100000000000001110000000011100000000111111111111111100111111111111100000000011111000111110011111111111111000000000000000011111000111111001110011111111100000000001110011100000000000000000001100000000000
0000011100000000000001110000000011100000001111111111111111100111001111110000000000000111000110000001110011111111000000001100000011111000111111001111111111111000110000001111111100000000000000000001100000000000
0000011100000000000001110000000011100000001111111111111111100111001111110000000000000111000110000001110011111111000000001100000011111000111111001111111111111000110000001111111100000000000000000001100000000000
0000001100000000000111110000000011100000001111111111111111111111111111110000000000000011001111001111111111111100000000001110000011111100111111111111111111111100110000000001110000000000000000000001100000000000
0000001100000000000111110000000011100000001111111111111111111111111111110000000000000011001111111111111100111100000000001110001111111111000111111111111111111100111000000001110000000000000000000001100000000000
0000001100000000000111110000000011100000001111111111111111111111111111110000000000000011001111111111111100111100000000001110001111111111000111111111111111111100111000000001110000000000000000000001100000000000
0000001100000000000111110000000011111000001111111110000011111100111001110000000000000111000001111111111111111000000000001110000011000011000000000001111111100111111000000011110000000000000000000001100000000000
0000001100000000000111110000000011111000001111111110000011111100111001110000000000000111000001111111111111111000000000001110000011000011000000000001111111100111111000000011110000000000000000000001100000000000
0000001100000000000111110000000011111000000111111100000011111100111111110000000000000011000001111110011111111000000000001110000000000000000000000000000000000111111000001111111100000000000000000001100000000000
0000000000000000000000000000000011111000000111110000000011111000001111000000000000000000111111000000011111100000000000001110011100000000000000000000000000000111111111111111111100000000000000001110000000000000
0000000000000000000000000000000011111000000111110000000011111000001111000000000000000000111111000000011111100000000000001110011100000000000000000000000000000111111111111111111100000000000000001110000000000000
0000000011111000000111110000000011111111001111111100000011111100111111110000000000000011111111110000011111100000000000001111111111100000000000000000000000011111111111111111111100000000000000001100000000000000
0000000011111111111111111111111111111111111111111111111111111111111111111111111111111111111111111110011111111111111111111111111111111111111111111111111111111111111111111111111111111111111111110000000000000000
0000000011111111111111111111111111111111111111111111111111111111111111111111111111111111111111111110011111111111111111111111111111111111111111111111111111111111111111111111111111111111111111110000000000000000
0000000000000000000000000000000000000000000000000000000000000000000000000000000000000000000000000000000000000000000000000000000000000000000000000000000000000000000000000000000000000000000000000000000000000000
0000000000000000000000000000000000000000000000000000000000000000000000000000000000000000000000000000000000000000000000000000000000000000000000000000000000000000000000000000000000000000000000000000000000000000
0000000000000000000000000000000000000000000000000000000000000000000000000000000000000000000000000000000000000000000000000000000000000000000000000000000000000000000000000000000000000000000000000000000000000000
0000000000000000000000000000000000000000000000000000000000000000000000000000000000000000000000000000000000000000000000000000000000000000000000000000000000000000000000000000000000000000000000000000000000000000
0000000000000000000000000000000000000000000000000000000000000000000000000000000000000000000000000000000000000000000000000000000000000000000000000000000000000000000000000000000000000000000000000000000000000000
0000000000000000000000000000000000000000000000000000000000000000000000000000000000000000000000000000000000000000000000000000000000000000000000000000000000000000000000000000000000000000000000000000000000000000
0000000000000000000000000000000000000000000000000000000000000000000000000000000000000000000000000000000000000000000000000000000000000000000000000000000000000000000000000000000000000000000000000000000000000000
0000000000000000000000000000000000000000000000000000000000000000000000000000000000000000000000000000000000000000000000000000000000000000000000000000000000000000000000000000000000000000000000000000000000000000
0000000000000000000000000000000000000000000000000000000000000000000000000000000000000000000000000000000000000000000000000000000000000000000000000000000000000000000000000000000000000000000000000000000000000000
0000000000000000000000000000000000000000000000000000000000000000000000000000000000000000000000000000000000000000000000000000000000000000000000000000000000000000000000000000000000000000000000000000000000000000
0000000000000000000000000000000000000000000000000000000000000000000000000000000000000000000000000000000000000000000000000000000000000000000000000000000000000000000000000000000000000000000000000000000000000000
0000000000000000000000000000000000000000000000000000000000000000000000000000000000000000000000000000000000000000000000000000000000000000000000000000000000000000000000000000000000000000000000000000000000000000
0000000000000000000000000000000000000000000000000000000000000000000000000000000000000000000000000000000000000000000000000000000000000000000000000000000000000000000000000000000000000000000000000000000000000000
0000000000000000000000000000000000000000000000000000000000000000000000000000000000000000000000000000000000000000000000000000000000000000000000000000000000000000000000000000000000000000000000000000000000000000
0000000000000000000000000000000000000000000000000000000000000000000000000000000000000000000000000000000000000000000000000000000000000000000000000000000000000000000000000000000000000000000000000000000000000000
0000000000000000000000000000000000000000000000000000000000000000000000000000000000000000000000000000000000000000000000000000000000000000000000000000000000000000000000000000000000000000000000000000000000000000
