00000000000000000000000000000000000000000000000000000000000000000000000000000000000000000000000000000000000000000000000000
00000000000000000000000000000000000000000011111100000000000000000000011111110000000000000000000000000000000000000000000000
00000000000000000000000000000000000000011111111111000000000000000000111111111100000000000000000000000000000000000000000000
00000000000000000000000000000000000000111111111111100000000000000001111111111111000000000000000000000000000000000000000000
00000000000000000000000000000000000011111111111111100000000000000011111111111111110000000000000000000000000000000000000000
00000000000000000000000000000000001111111111111111100000000000000011111111111111111000000000000000000000000000000000000000
00000000000000000000000000000000111111111111111111100000000000000111111111111111111100000000000000000000000000000000000000
00000000000000000000000000000001111111111111111111100000000000000111111111111111111100000000000000000000000000000000000000
00000000000000000000000000000001111111111111111111100000000000000111111111111111111100000000000000000000000000000000000000
00000000000000000000000000000011111111111111111111100000000000000111111111111111111110000000000000000000000000000000000000
00000000000000000000000000000011111111111111111111100000000000000111111111111111111110000000000000000000000000000000000000
00000000000000000000000000000011111111111111111111100000000000000111111111111111111110000000000000000000000000000000000000
00000000000000000000000000000011111111111111111111100000000000000111111111111111111100000000000000000000000000000000000000
00000000000000000000000000000011111111111111111111100000000000000111111111111111111100000000000000000000000000000000000000
00000000000000000000000000000001111111111111111111100000000000000111111111111111111000000000000000000000000000000000000000
00000000000000000000000000000001111111111111111111100000000000000111111111111111111000000000000000111000000000000000000000
00000000000000000000000000000000111111111111111111100000000000000111111111111111110000000000000001111110000000000000000000
00000000000000000000000000000000011111111111111111100000000000000111111111111111100000000000000111111111000000000000000000
00000000000000000000000000000000001111111111111111100000000000000111111111111111000000000000001111111111100000000000000000
00000000000000000000000000000000000111111111111111100000000000000111111111111110000000000000001111111111110000000000000000
00000000000111100000000000000000000011111111111111100000000000000111111111111110000000000000011111111111110000000000000000
00000001111111111000000000000000000001111111111111000000000000000111111111111100000000000000111111111111111000000000000000
00000111111111111100000000000000000000011111111111000000000000000111111111111000000000000000111111111111111000000000000000
00001111111111111110000000000000000000001111111110000000000000000011111111110000000000000001111111111111111000000000000000
00011111111111111110000000000000000000000011111110000000000000000001111111100000000000000001111111111111111000000000000000
00011111111111111111000000000000000000000001111100000000000000000000111111000000000000000011111111111111111000000000000000
00111111111111111111000000000000000000000000000000000000011111100000000000000000000000000011111111111111111000000000000000
00111111111111111111100000000000000000000000000000000011111111111110000000000000000000000011111111111111111000000000000000
00111111111111111111100000000000000000000000000000001111111111111111100000000000000000000011111111111111111000000000000000
00111111111111111111110000000000000000000000000000111111111111111111110000000000000000000011111111111111111000000000000000
00011111111111111111111000000000000000000000000011111111111111111111111100000000000000000011111111111111110000000000000000
00011111111111111111111000000000000000000000001111111111111111111111111110000000000000000011111111111111110000000000000000
00011111111111111111111100000000000000000000111111111111111111111111111111100000000000000111111111111111100000000000000000
00001111111111111111111110000000000000000001111111111111111111111111111111110000000000000111111111111111100000000000000000
00000111111111111111111110000000000000000011111111111111111111111111111111111100000000000111111111111111000000000000000000
00000011111111111111111110000000000000000001111111111111111111111111111111111110000000000111111111111110000000000000000000
00000001111111111111111110000000000000000001111111001111111111111111111111111111000000000111111111111000000000000000000000
00000000011111111111111111000000000000000001111000001111111111111111111111111111100000000011111111110000000000000000000000
00000000000111111111111111000000000100000000000000000111111111111111111111111111111000000001111111000000000000000000000000
00000000000000111111111110000000001110000000000000000111111111111111111111111111111100000000011000000000000000000000000000
00000000000000000001111100000000011110000000001100000011111111111111111111111111111110000000000000000000000000000000000000
00000000000000000000000000000000111100000001111100000011111111111111111111111111111111000000000000000000000000000000000000
00000000000000000000000000000001111110000011111100000011111111111111111111111111111111100000000000000000000000000000000000
00000000000000000000000000000011111110000011111100000001111111111111111111111111111111110000000000000000000000000000000000
00000000000000000000000000000111111110000011111100000001111111111111111111111111111111111000000000000000000000000000000000
00000000000000000000000000001111111110000011111100000001111111111111111111111111111111111000000000000000000000000000000000
00000000000000000000000000011111111100000011111100000001111111111111111111111111111111111100000000000000000000000000000000
00000000000000000000000000011111111100000011111100000001111111111111111111111111111111111110000000000000000000000000000000
00000000000000000000000000111111111100000011111100000011111111111111111111111111111111111110000000000000000000000000000000
00000000000000000000000001111111111100000011111100000011111111111111111111111111111111111111000000000000000000000000000000
00000000000000000000000011111111111110000011111100000011111111111111111111111111111111111111000000000000000000000000000000
00000000000000000000000011111111111110000011111100000011111111111111111111111111111111000000000000000000000000000000000000
00000000000000000000000111111111111110000011111100000011111111111111111111111111111111100000100000000000000000000000000000
00000000000000000000000111111111111100000011111100000011111111111111111111111111111111110011110000000000000000000000000000
00000000000000000000001111111111111100000011111100000011111110000001111111110011111111110011111000000000000000000000000000
00000000000000000000001111111111111100000011111100000011111110000001111111110011111111110011111000000000000000000000000000
00000000000000000000001111111111111100000011111100000111111111100011111111110011111111110111111100000000000000000000000000
00000000000000000000011111111111111100100011111000000111111111110001111111100001111111100111111100000000000000000000000000
00000000000000000000011111111111111111110001110000000111111111110001111111100001111111100111111110000000000000000000000000
00000000000000000000011111111111111111110110000000001111111111111001111111100000111111100111111110000000000000000000000000
00000000000000000000011111111111111111110111000001111111111111111000111111101000111111101111111110000000000000000000000000
00000000000000000000011111111111111111111111001111111111111111111000111111001100011111001111111110000000000000000000000000
00000000000000000000011111111111111111111111111111111111111111111100111111011100011111001111111111000000000000000000000000
00000000000000000000011111111111111111111111111111111111111111111100011111011110001111011111111111000000000000000000000000
00000000000000000000011111111111111111111111111111111111111111111100011110011110001110011111111111000000000000000000000000
00000000000000000000011111111111111111111111111111111111111111111110011110111110001110011111111111000000000000000000000000
00000000000000000000011111111111111111111111111111111111111111111110001110111111000110011111111111000000000000000000000000
00000000000000000000011111111111111111111111111111111111111111111110001101111111000000111111111111000000000000000000000000
00000000000000000000011111111111111111111111111111111111111111111111000101111111100000111111111110000000000000000000000000
00000000000000000000011111111111111111111111111111111111111111111111000001111111100000111111111110000000000000000000000000
00000000000000000000011111111111111111111111111111111111111111111111000011111111100001111111111110000000000000000000000000
00000000000000000000001111111111111111111111111111111111111111111111100011111111110001111111111100000000000000000000000000
00000000000000000000001111111111111111111111111111111111111111111111100011111111110001111111111100000000000000000000000000
00000000000000000000000111111111111111111111111111111111111111111111100111111111111001111111111000000000000000000000000000
00000000000000000000000111111111111111111111111111111111111111111111110111111111111011111111111000000000000000000000000000
00000000000000001111111111111111111111111111111111100000000000000011111111111111111111111111110000000000000000000000000000
00000000000001111111111111111111111111111111111100000000000000000000111111111111111111111111000000000000000000000000000000
00000000011111100001111111111111111111111111100000000000000000000000001111111111111111111110000000000000000000000000000000
00000111111110000000111111111111111111111110000000000000000000000000000001111111111111111000000000000000000000000000000000
01111111000000000000011111111111111111111111000001111111111111111110000000001111111111000000000000000000000000000000000000
11110000000000000000011111111000000111111111100011111111111111111111111110000000000000000000000000000000000000000000000000
11000000000000000000001111111100011111111111111111111111111111111111111111000000000000000000000000000000000000000000000000
11000000011100000000000111111111111001111111111110001111111111111111111111100000000000000000000000000000000000000000000000
11000000111110001110000011111111100000001111111100000000000000000001111111110000000000000000000000000000000000000000000000
01100000110111111111000001111110000000000011110000000000000000000000111111111100000000000000000000000000000000000000000000
01100000110111111011100000110000000000000000000000000000000000000000001111111110000000000000000000000000000000000000000000
01100000110010000001100000000000000000000000000000000000000000000000000111111111000000000000000000000000000000000000000000
01100000110000111000110000000000000000000000000000000000000000000000000011111111000000000000000000000000000000000000000000
01100000110011111000110000000000000001111100000000011110000000000000000001111111100000000000000000000000000000000000000000
01100000110111011000110000000000000001101100000000011111000000000000000000111111100000000000000000000000000000000000000000
01100000110110011000110000000000000001101100000000110110000000000000000000111111100000000000000000000000000000000000000000
01100000110110011000110000000000000111111000000011110110000011111000000000011111100000000000000000000000000000000000000000
01100000110110011000110001111000011111011000001111100110001111111100000000011111100000000000000000000000000000000000000000
01100000110110011000110111111100111011011000011100000110001111111110000000111111100000000000000000000000000000000000000000
01100000110110011000110111101101100111011000011011111110011011110110000000111111100000000000000000000000000000000000000000
01100000110110011001100111110111101111111000011111111100011011110110000000111111000011100000000000000000000000000000000000
01100000110111110001100111110111101101111000011110111100011111011110000000111111011111111111100000000000000000000000000000
01100000110111100001100111110111101111011000011111111100011011011110000001111111111111111111110000000000000000000000000000
01100000111111000011100111111100111111111000011111111100011011111110000001111111111111111111110000000000000000000000000000
01100000111100011111000110111100011111111000001111111110001101111100000011111111111111111111110000000000000000000000000000
01100000111101111100000111111000001111111100000111111110001111111000000011111111000000001111110000000000000000000000000000
01100000111111100000000011110000000111111100000010111110000011110000000011111111000000001111110000000000000000000000000000
01100000001100000000000000000000000001101100000000011110000000000000000001111110000000001111110000000000000000000000000000
01100000000000000000000000000000001001101100000100010110000000000000000000001100000000001111111000000000000000000000000000
01100000000000000001000000000000111101101100111110010110000000000000000000000000000000001111111111111000000000000000000000
01100000000000000011100000000111111001101111111100010110000000000000000000000000000000000111111111111100000000000000000000
01100000000000000111110000000111110001101111111000110110000000000000000000000000000000000000000111111111000000000000000000
01100000000000011111111000000111111111101101111111110110000000000000000000000000000000000000000111111111111111110000000000
01100000000000111111111100000001111111111000111111101110000000111100000010000011111110000000000011111111111111110000000000
01110000000001111111111110000000011101110000001110111100000011111111000011000011101110000000000001111000011111111000000000
00111100000011111111111111000000001111100000000111110000000011000110000111000001101110000000000000000000001111111000000000
00001110001111111111110011100000000011000000000001100000000001100110000111100001101100000000000000000000000111111100000000
00000111111111111111100001100000000000000000000000000000000000110110000111100001111000000000000000000000000111111110000000
00000001111111111111000000110000000000000000000000000000000000011110001100110001111000000000000000000000000011111111000000
00000000011111111100000000011000000000000111000000000000000000011111001100110001111000000000000000000000000001111111000000
00000000000000000000000000001100000000001111000000000000000000011011001100011001011000000000000000000000000000111111100000
00000000000000000000000000000110000000111111100000000011100000001111001111011011111000000000000000000000000000011111110000
00000000000000000000000000000111000001111111110000000111110000001101111111001111110000000000000111000011100000011111111000
00000000000000000000000000000011100011111111111000001111110000000101111111101111110000000011001111101111110000001111111000
00000000000000000000000000000001111111111111111100111111111000000110111111101110110000111111001101111100110000000111111100
00000000000000000000000000000000111111111111001101111111111000000110111110110111110001111111001101110111111000000011111100
00000000000000000000000000000000011111111111000111111111111000000011111100110011100011101111001100001111101100000011111110
00000000000000000000000000000000000111100000000011111111001100000011001100011001100011111111001100111001111100000001111111
00000000000000000000000000000000000000000000000001111110001100000011001100011001100011111111001101110000111100000000111111
00000000000000000000000000000000000000000000000000000000000110000001101100001101100011111111001101100000011000000000111111
00000000000000000000000000000000000000000000000000000000000110000001111100001111000011111111101101100000000000000001111110
00000000000000000000000000000000000000000000000000000000000011000000111000000111000011111111111100110000000000000001111110
00000000000000000000000000000000000000000000000000000000000011000000111000000111000011111111111101110000000000000011111110
00000000000000000000000000000000000000000000000000000000000001100000111000000011000001100000001111110000000000000011111100
00000000000000000000000000000000000000000000000000000000000001100000000000000000000000000000000000000000000000000111111100
00000000000000000000000000000000000000000000000000000000000000110000000000000000000000000000000000000000000110000111111000
00000000000000000000000000000000000000000000000000000000000000110000000000000000000000000000000000000000001111001111111000
00000000000000000000000000000000000000000000000000000000000000111000000000000000000000000000000000000000111111111111110000
00000000000000000000000000000000000000000000000000000000000000011000000000000000000000000000000000000001111111111111110000
00000000000000000000000000000000000000000000000000000000000000011000000000000000000000000000000000000011111111111111100000
00000000000000000000000000000000000000000000000000000000000000001100000000000000000000000000000000000011111111000000000000
00000000000000000000000000000000000000000000000000000000000000001100000000000000000111111111111111111111111110000000000000
00000000000000000000000000000000000000000000000000000000000000000110001111110000001111111111111111111111111100000000000000
00000000000000000000000000000000000000000000000000000000000000000111111111111111111111111111111111111111111000000000000000
00000000000000000000000000000000000000000000000000000000000000000011111111111111111111111111111111111111100000000000000000
00000000000000000000000000000000000000000000000000000000000000000001111111111111111111111000011111111100000000000000000000
00000000000000000000000000000000000000000000000000000000000000000000111111111000111111000000000000000000000000000000000000
00000000000000000000000000000000000000000000000000000000000000000000001110000000000000000000000000000000000000000000000000
00000000000000000000000000000000000000000000000000000000000000000000000000000000000000000000000000000000000000000000000000
