00000000000000000000000000000000000000000000000000000000000000000000000000000000000000000000000000000000000000000000000000000000000000000000000000000000000000000000000000000000
00000000000000000000000000000000000000000000000000000000000000000000000000000000000000000000000000000000000000000000000000000000000000000000000000000000000000000000000000000000
00000000000000000000000000000000000000000000000000000000000000000000000000000000000000000000000000000000000000000000000000000000000000000000000000000000000000000000000000000000
00000000000000000001111111111111111111111110000000000000000000000000000000000000000000000000000000000000000000000000000000000000000000000000000000000000000000000000000000000000
00000000000011111111111111111111111111111111111111111111111111111111111111111111111111111111111111111111111111111111111111111111111111111111111111000000000000000000000000000000
00000000001111111111111111111111111111111111111111111111111111111111111111111111111111111111111111111111111111111111111111111111111111111111111111111000000000000000000000000000
00000000011111000000000000000000000000000000000000000000000000000000000000000000000000000000000000000000001111111111111111111111111111111111111111111111000000000000000000000000
00000000111000000000000000000000000000000000000000000000000000000000000000000000000000000000000000000000000000000000000000000000000000000000000000001111111000000000000000000000
00000001110000000000000000000000000000000000000000000000000000000000000000000000000000000000000000000000000000000000000000000000000000000000000000000001111100000000000000000000
00000011100000000000000000000000000000000000000000000000000000000000000000000000000000000000000000000000000000000000000000000000000000000000000000000000001110000000000000000000
00000011100000000000000000000000000000000000000000000000000000000000000000000000000000000000000000000000000000000000000000000000000000000000000000000000001111000000000000000000
00000011000000000000000000000000000000000000000000000000000000000000000000000000000000000000000000000000000000000000000000000000000000000000000000000000000111100000000000000000
00000011000000000000000000000000000000000000000000000000000000000000000000000000000000000000000000000000000000000000000000000000000000000000000000000000000011100000000000000000
00000011000000000000000000000000000000000000000000000000000000000000000000000000000000000000000000000000000000000000000000000000000000000000000000000000000001110000000000000000
00000011000000000000000000000000000000000000000000000011110000000000000000000000000000000000000000000000000000000000000000000000000000000000000000000000000000111000000000000000
00000011000000000000000000000000000000000000000000000111111000000000000000000000000000000000000000000000000000000000000000000000000011111100000000000000000000111100000000000000
00000011000000000000000000000000000000000000000000001111111000000000000000000000000000000000000000000000000000000000000000000000000011111110000000000000000000011111000000000000
00000011000000000000000000000000001100000000000000001110011000000000000000000000000000000000000000000000000000000000000000000000000011001110000000000000000000011111110000000000
00000011000000000000000000000000011110000000000000001110011000000000000000000000000000000000000000000000000000000000000000000000000111001110000000000000000000011011111000000000
00000011000000000000000000000000111111000000000000001110011000000000000000000000000000000000000000000000000000000000000000000000000111001110000000000000000000011011111100000000
00000011000000000000000000000001110011100000000000000110011000000000000000000000000000000000000000000000000000000000000000000000000111001110000000000000000000011111111110000000
00000011000000000000000000000011100001100000000000001110011000000000000000000000000000000000000000000011000000000000000000000000000111001110000000000000000000011111100110000000
00000011000000000000000000001111000111111000001111111110011111111100000000000001111100000000000001111111100001111111110000011111111111001111111111000000000000011111001111000000
00000011000000000000000000011100011111111100001111111100011111111100000000000111111110000000000001111111100011111111111000011111111111000111111111000000000000011111111111000000
00000011000000000000000001111000111101111100011110111100011110011100000000011111000111100000000001111001101111000000011100111000011110000011100111000000000000011111111111000000
00000011000000000000000011110001111000111100011100000000000000011100000001111100000011110000000000111001111110000000001110111000000000000000000011100000000000111111111111000000
00000011000000000000000111100011110000011000011000000000000000011100000011111000000001111000000000111001111100000000000111111000000000000000000011100000000000111111111111000000
00000011000000000000000111100011100000000000011100000000000000011100001111000000110000011000000000111000111000000000000111111000000000000000000001100000000000111111111111000000
00000011000000000000000011100001110000000000011110000000001110111000001110000001111000001100000000111000111000001111000111111000000000000000000011100000000000111111111111000000
00000011000000000000000001111000111000000000011111111000111111111000001100000111111110001100000000111000000000111111101110011111111110000111111111100000000000111111111111000000
00000011000000000000000000111100011100000000000000011000111000000000001100011110001111001100000000111000000001111001111100001111111111000111000111000000000000111001111111000000
00000011000000000000000000001110001110000000000000011000110000000000001100011100000111001100000000111000000011100000111000000000000111000110000000000000000000111111111111000000
00000011000000000000000000000111100111000000000000011000110000000000001100011100000111001110000000111000000111000000000000000000000111000110000000000000000000111111111111000000
00000011000000000000000011000011110011100000000000011000110000000000001100011100000110000111000000111000001110000000000000000000000111000010000011000000000000111111111111000000
00000011000000000000000111100001111001110000000000011000110000011100001100011100001110000111110000111000011100000000000000000000000111000110000111100000000000111111111110000000
00000011100000000000000111110000011100111000000000011000110001111100001100011100111100000001111100111000011000000000000000000000000111000111000111110000000000111111111110000000
00000001100000000000001110111000001110011100000000011000110011111100001100011111110011000000011110111000111000000000000000000000000110000011001110110000000000111111111110000000
00000001110000000000011100011100000111111100000000011000111111000110001100001111100111100000001110111000111000000000000000000000000110000011011100110000000000111111111110000000
00000000110000000000111000001110000111111000000000111000111110000110001100000111001111110000011100110000111000000000000000000000000110000011111101110000000001111111111110000000
00000000111000000000111100000111111111110000000000110000111000001110001110000000011100111000111000110000011000000000000000000000000110000001111011100000000001111111111110000000
00000000011000000000011111100011111111100000000000110000000000111110001111110000011000011001110000110000111000000000000000000000000111000000000111000000000011111111111110000000
00000000011100000000001111111111111110000000000000111000000011111000000011111111111000011111100001111111111000000000000000000000000111100000000111000000000111111111111110000000
00000000001111100000000001111111111100000000000000111111100111100000000000111111110000001111000000111111111000000000000000000000000111111100011110000000001111111111111110000000
00000000000111111000000000000111111000000000000000011111111110000000000000000111100000000110000000011111110000000000000000000000000001111111111100000000011111111111111110000000
00000000000000111111111111111111111111111111111111111111111111111111111111111111111111111100110010111000000000000000000000000000000000001111111000000001111111111111111110000000
00000000000000011111111111111111111111111111111111111111111111111111111111111111111111111111111111111111111111111111111111111111111111111111111111111111111111111111111110000000
00000000000000011111111111111111100111111111001111100111111011111111111111111111111111111111111111111111111111111111111111111111111111111111111111111111111111111111111100000000
00000000000000001111111111101111001111111111001111100111110111111011111101111100111111001111101111110111111001111100011111011111111111111110011111111111111011111111111100000000
00000000000000001111111111111111011111111110011111001111110111110111111111111100111110011111111111101111110011111100111111111111111111111110111111111111110111111111111000000000
00000000000000000111111011111111111111111111111111011111111111111111111111111111111111111111111111111111111111111111111111111111111111111111111111111111101111111111111000000000
00000000000000000011110011111111111111111111111111111111111111111101111110111111111111111111111111111001111110111111111111111111111111111111111111111111001110111111110000000000
00000000000000000001111111101111111111011111000111100111110011110001111000111110011111001111000111100001111000111110011110001111001111001110011110111110011100111111000000000000
00000000000000000000111111111111111111111111011111111111111111111111111111111111111111111111111111111111111111111111111111111111111111111111111111111111111111111100000000000000
00000000000000000000000111111111111111111111111111111111111111111111111111111111111111111111111111111111111111111111111111111111111111111111111111111111111111110000000000000000
00000000000000000000000001111111111111111111111111111111111111111111111111111111111111111111111111111111111111111111111111111111111111111111111111111111111110000000000000000000
00000000000000000000000000000000000000000000000000000000000000000000000000000000000000000000000000000000000000000000000000000000000000000000000000000000000000000000000000000000
00000000000000000000000000000000000000000000000000000000000000000000000000000000000000000000000000000000000000000000000000000000000000000000000000000000000000000000000000000000
00000000000000000000000000000000000000000000000000000000000000000000000000000000000000000000000000000000000000000000000000000000000000000000000000000000000000000000000000000000
00000000000000000000000000000000000000000000000000000000000000000000000000000000000000000000000000000000000000000000000000000000000000000000000000000000000000000000000000000000
