00000000000000000000000000000000000000000000000000000000000000000000000000000000000000000000000000000000000000000000000000000000000000000000000000000000000000000000000000000000
00000000000000000000000000000000000000000000000000000000000000000000000000000000000000000000000000000000000000000000000000000000000000000000000000000000000000000000000000000000
00000000000000000000000000000000000000000000000000000000000000000000000000000000000000000000000000000000000000000000000000000000000000000000000000000000000000000000000000000000
00000000000000000000000000000000000000000000000000000000000000000000000000000000000000000000000000000000000000000000000000000000000000000000000000000000000000000000000000000000
00000000000000000000000000000000000000000000000000000000000000000000000000000000000000000000000000000000000000000000000000000000000000000000000000000000000000000000000000000000
00000000000000000000000000000000000000000000000000000000000000000000000000000000000000000000000000000000000000000000000000000000000000000000000000000000000000000000000000000000
00000000000000000011111111111111111111111111111111111111111111111111111110000000000000000000000000000000000000000000000000000000000000000000000000000000000000000000000000000000
00000000000001111111111111111111111111111111111111111111111111111111111111111111111111111111111111111111111111111111111111111111111111111000000000000000000000000000000000000000
00000000000011111100000000000000000000000000000000000000000000000000000000000000000000000000000001111111111111111111111111111111111111111111000000000000000000000000000000000000
00000000001111000000000000000000000000000000000000000000000000000000000000000000000000000000000000000000000000000000000000000000000000001111110000000000000000000000000000000000
00000000011110000000000000000000000000000000000000000000000000000000000000000000000000000000000000000000000000000000000000000000000000000001111100000000000000000000000000000000
00000000011100000000000000000000000000000000000000000000000000000000000000000000000000000000000000000000000000000000000000000000000000000000001110000000000000000000000000000000
00000000011000000000000000000000000000000000000000000000000000000000000000000000000000000000000000000000000000000000000000000000000000000000000111000000000000000000000000000000
00000000011000000000000000000000000000000000000000000000000000000000000000000000000000000000000000000000000000000000000000000000000000000000000011000000000000000000000000000000
00000000011000000000000000000000000000000000000000000000000000000000000000000000000000000000000000000000000000000000000000000000000000000000000001100000000000000000000000000000
00000000011000000000000000000000000000000000000000000000000000000000000000000000000000000000000000000000000000000000000000000000000000000000000000110000000000000000000000000000
00000000011000000000000000000000000000000000000000011111100000000000000000000000000000000000000000000000000000000000000000000000000000000000000000110000000000000000000000000000
00000000011000000000000000000000000000000000000000011111100000000000000000000000000000000000000000000000000000000000000000111111000000000000000000110000000000000000000000000000
00000000011000000000000000000000000000000000000000011011100000000000000000000000000000000000000000000000000000000000000000111111100000000000000000110000000000000000000000000000
00000000011000000000000000000000001110000000000000011011100000000000000000000000000000000000000000000000000000000000000000110011100000000000000000110000000000000000000000000000
00000000011000000000000000000000111110000000000000011011100000000000000000000000000000000000000000000000000000000000000000110011100000000000000000110000000000000000000000000000
00000000011000000000000000000001111011000000000000011011100000000000000000000000000000000000000000000000000000000000000000110011100000000000000000110000000000000000000000000000
00000000011000000000000000000011100011100000000000011011100000000000000000000000000000000000000111000000000100000000000000110011100000000000000000110000000000000000000000000000
00000000011000000000000000000111000111111000011111110011111111100000000000011110000000000001111111000111111111000001111111110011111111100000000000110000000000000000000000000000
00000000011000000000000000011110011111111000111111110011111111100000000001111111000000000001111011001111111111100011111111110001111111100000000000110000000000000000000000000000
00000000011000000000000000111000111101111000111000100001110011100000000111100011110000000001110011111100000001110011000000000000000001110000000000110000000000000000000000000000
00000000011000000000000001110001110000111000110000000000000011100000011111000000111000000000110001111000000000111111000000000000000001110000000000110000000000000000000000000000
00000000011000000000000011100011100000000000110000000000000011100001111100000000011100000000110001111000000000011111000000000000000000110000000000110000000000000000000000000000
00000000011000000000000001110001110000000000111000000000000011000011110000011110001100000000110001110000011000011111000000000000000000111000000000110000000000000000000000000000
00000000011000000000000000111000111000000000111111100011111111000011100011111111001110000000111001000001111110110011111111110000111111111000000000110000000000000000000000000000
00000000111000000000000000011100011100000000000001110111000000000011000011000011100110000000011000000011100111100001110001110001110000000000000000110000000000000000000000000000
00000000111000000000000000001111001110000000000000110111000000000011000011000001100110000000011000000111000011100000000000110001110000000000000000110000000000000000000000000000
00000000111000000000000000000011100111000000000000110111000000000011000010000011000111000000011000001110000000000000000000110001110000000000000000110000000000000000000000000000
00000000011000000000000001100001110011100000000000110111000000000011000110000011000111100000111000011100000000000000000000110001110001100000000000110000000000000000000000000000
00000000011000000000000011110000111001110000000001100111000011100011000110000111000011110000110000111000000000000000000000110001110011110000000000110000000000000000000000000000
00000000011100000000000111111000011111110000000001100111001111110011000111011111000000111100110000110000000000000000000000110001110011111000000000110000000000000000000000000000
00000000001100000000000110011100000111111000000001100111011101110011000011111101100000001110110000110000000000000000000000110001110110011100000000110000000000000000000000000000
00000000001100000000001100001110000111110000000001100111110000111011000001110011110000001110110000110000000000000000000000110000111110111000000001100000000000000000000000000000
00000000000110000000001110000011101111100000000001100011100001110011100000000111011000011100110000110000000000000000000000110000011100111000000001100000000000000000000000000000
00000000000110000000001111100011111111000000000001100000000011110001111000001110011100111000110000110000000000000000000000110000000001110000000001100000000000000000000000000000
00000000000011000000000111111111111110000000000001100000001111000000111111011100001111110001111001110000000000000000000000111000000011100000000011100000000000000000000000000000
00000000000011111000000001111111111100000000000001111111111110000000001111111100000111100000111111110000000000000000000000111111000111000000001111000000000000000000000000000000
00000000000001111111000000001111111100000000000001111111111000000000000011111000000111000000111111110000000000000000000000011111111110000000011110000000000000000000000000000000
00000000000000001111111111111111111111111111111111111111111111111111111111111111111111111111111111111111111111111111111111111111111111111111111000000000000000000000000000000000
00000000000000000000111111111111111111111111111111111111111111111111111111111111111111111111111111111111111111111111111111111111111111111111110000000000000000000000000000000000
00000000000000000000000000000000000000000000000000000000000000000000000000000000000000000000000000000000000000000000000000000000000000000000000000000000000000000000000000000000
00000000000000000000000000000000000000000000000000000000000000000000000000000000000000000000000000000000000000000000000000000000000000000000000000000000000000000000000000000000
00000000000000000000000000000000000000000000000000000000000000000000000000000000000000000000000000000000000000000000000000000000000000000000000000000000000000000000000000000000
00000000000000000000000000000000000000000000000000000000000000000000000000000000000000000000000000000000000000000000000000000000000000000000000000000000000000000000000000000000
00000000000000000000000000000000000000000000000000000000000000000000000000000000000000000000000000000000000000000000000000000000000000000000000000000000000000000000000000000000
00000000000000000000000000000000000000000000000000000000000000000000000000000000000000000000000000000000000000000000000000000000000000000000000000000000000000000000000000000000
00000000000000000000000000000000000000000000000000000000000000000000000000000000000000000000000000000000000000000000000000000000000000000000000000000000000000000000000000000000
00000000000000000000000000000000000000000000000000000000000000000000000000000000000000000000000000000000000000000000000000000000000000000000000000000000000000000000000000000000
00000000000000000000000000000000000000000000000000000000000000000000000000000000000000000000000000000000000000000000000000000000000000000000000000000000000000000000000000000000
00000000000000000000000000000000000000000000000000000000000000000000000000000000000000000000000000000000000000000000000000000000000000000000000000000000000000000000000000000000
00000000000000000000000000000000000000000000000000000000000000000000000000000000000000000000000000000000000000000000000000000000000000000000000000000000000000000000000000000000
00000000000000000000000000000000000000000000000000000000000000000000000000000000000000000000000000000000000000000000000000000000000000000000000000000000000000000000000000000000
00000000000000000000000000000000000000000000000000000000000000000000000000000000000000000000000000000000000000000000000000000000000000000000000000000000000000000000000000000000
00000000000000000000000000000000000000000000000000000000000000000000000000000000000000000000000000000000000000000000000000000000000000000000000000000000000000000000000000000000
