000000000000000000000000000000000000000000000000000000000000000000111000000000000000000000000000
000000000000000000000000000000000000000000000000000000000000000001111100000000000000000000000000
000000000000000000000000000000000000000000000000000000000000000001111100000000000000000000000000
000000000000000000000000000000000000000000000000000000000000000011111110000000000000000000000000
000000000000000000000000000000000000000000000000000000000000000111111110000000000000000000000000
000000000000000000000000000000000000000000000000000000000000001111111111000000000000000000000000
000000000000000000000000000000000000000000000000000000000000011111111111100000000000000000000000
000000000000000000000000000000000000000000000000000000000000011111111111110000000000000000000000
000000000000000000000000000000000000000000000000000000000000111111111110111000000000000000000000
000000000000000000000000000000000000000000000000000000000001111111111110111000000000000000000000
000000000000000000000000000000000000000000000000000000000011111111111111111000000000000000000000
000000000000000000000000000000000000000000000000000000000111111111111111111110000000000000000000
000000000000000000000000000000000000000000000000000000000111111111111111110110000000000000000000
000000000000000000000000000000000000000000000000000000001111111111111111110111000000000000000000
000000000000000000000000000000000000000000000000000000011111111111111110000011100000000000000000
000000000000000000000000000000000000000000000000000000111111111111111110000001100000000000000000
000000000000000000000000000000000000000000000000000001111111111111111111000000110000000000000000
000000000000000000000000000000000000000000000000000001111111111111111111000000111000000000000000
000000000000000000000000000000000000000000000000000011111111111111111110000000011100000000000000
000000000000000000000000000000000000000000000000000111111111111111111110000000011100000000000000
000000000000000000000000000000000000000000000000001111111111111111111110000000001110000000000000
000000000000000000000000000000000000000000000000001111111111111111111111000000000110000000000000
000000000000000000000000000000000000000000000000011111111111111111110000000000000011100000000000
000000000000000000000000000000000000000000000000111111111111111111110000000000000011100000000000
000000000000000000000000000000000000000000000001111111111111111111110000000000000001100000000000
000000000000000000000000000000000000000000000011111111111111111111111000000000000000110000000000
000000000000000000000000000000000000000000000011111111111111111111111000000000000000011000000000
000000000000000000000000000000000000000000000111111111111111111101111000000000000000011100000000
000000000000000000000000000000000000000000001111111111111111101100110000000000000000001110000000
000000000000000000000000000000000000000000001111111111111111111111000000000000001111111100000000
000000000000000000000000000000000000000000000011111111111111111111111101111111011111111100000000
000000000000000000000000000000000000000000000011110000001001001111111111111111110011110000000000
000000000000000000000000000000000000000000000011100001110001110000000000111100111111100000000000
000000000000000000000000000000000000000000000011100011110011110001111001111110111111100000000000
000000000000000000100000000000000000000000000011100111111011110001111001111111111111100000000000
000000000000000001111000000000000000000000000011101110111110000011111101100111100111100000000000
000000000000000011111000000000000000000000000011101110111100001110011101000111100111100000000000
000000000000000111111100000000000000000000000011101111111111111111111111100111100111100000000000
000000000000001111011100000000000000000000111111111111111111111111111111111111110111100000000000
000000000000001110001111000000000000000001111011101111111111111111111111111111111111111111000000
000000000000011110000111000000000000000001100000010000111000011000010000000011110111110111000000
000000000000111111000111100000000000000000100000010000111000011100010000000001100011100111100000
000000000001111000000011100000000000000000100000111000111100111100111101110011100011110011100000
000000000011111000000001110000000000000000100000111101111100111101111101111001110011110011100000
000000000011111100000000111000000000000000100000111111111110111111111101111001110011110011100000
000000000011111111000000111100000000000000000001111110111110100011111101111001111001110011100000
000000000110000000000000011100000000000000000000111111111110100011111101111001110001110011100000
000000001111000000000000001110000000000000000000111111111110111111111101111011110011110011100000
000000011111100000000000001110000000000000110000011101111100111101111101111001110011110111000000
000000011101111111000000000111000000000000111000001000111000011100111000111000100011101111000000
000000111000000111000000000011100000000000011110000000000000000000000000000000000000111100000000
000001110000000000000000000001110000000000001111000001100001100000000000000000000001111000000000
000011110000000000000000000001110000000000000011111111110011110000000000000000000011100000000000
000001111111111111111111111111110000000000000011111111110011110111111111000000000011100000000000
000000011111111111111111111110000000000000000001111111111111111111111111110000000011100000000000
000000011111110111111000001110000000000000000001111111111111111111111111110000000011100000000000
000000001111110011111000000110000000000000000001111111111111111100111111100000000011100000000000
000000011111110110001100000110000000000000000001111111111111111111111110000000000011100000000000
000000011111110110011100000110000000000000000001111111111111111111111110000000000011100000000000
000000011111111110011100000110000000000000000001111111111111111111110000000000000011000000000000
000000001111100110001100000110000000000000000011111111111111111111111000000000000011000000000000
000000011111111110001100000110000000000000000011111111111111111111111100000000000011100000000000
000000011111111110011100000110000000000000000011111111111111111111111100000000000011100000000000
000000011111111110011100000110000000000000000001111111111111111111111000000000000011100000000000
000000011111110001111100000110000000000000000011111111111111111111110001100000000011100000000000
000000011111111111100000001110000000000000000011111111111111111111111111000000000011100000000000
000000011111111111100001111110011000000000000011111111111111111111111111000000000011100000000000
000111111111111111100111111111111110000000000011111111111111111111111110000000000011100000000000
000111111111111101100111011111111111000000000011111111111111111111111111000000000011100000000000
000111111111111001111111011111111111000000000011111111111111111111111111000000000011000000000000
000111110011111001111111011111100111000000000011111111111111111111111111100000000011000000000000
000111000001110000011100000000000110000000000011111111111111111111111111000000000011000000000000
000110000000000000000000000000000110000000000011111111111111111111111111000000000011000000000000
000110000000000000000000000000000110000000000011111111111111111111101110000000000011000000000000
000100000000000000000000000000000110000000000011111111111111111111000000000000000011000000000000
000110000000000000000000000000000110000000000011111111111111111111000000000000000011000000000000
000111000000000000000000000000001110000000000011111111111111111111101000000000000011000000000000
000111000000000000000000000000001110000000000011111111111111111111111000000000000011000000000000
000011111100000000000000000001111000000000000011111111111111111111110000000000000011000000000000
000001111111100111111111001111110000000000000011111111111111111111110000000000000011000000000000
000000011111111111111111111111000000000000000011111111111111111111110000000000000011000000000000
000000011111110000000000001110000000000000000011111111111111111111111100000000000011000000000000
000000011111111000000000000110000000000000000011111111111111111111111110000000000011000000000000
000000011111111100000000000110000000000000000011111111111111111111001111000000000011000000000000
000000011111111110000000000110000000000000000011111111111111111100000011100000000011000000000000
000000011111111100000000000110000000000000000011111111111111110000000001111000000011000000000000
000000011111111000000000000110000000000000000011111111111111100000000000111100000011000000000000
000000011111110000000000000110000000000000000011111111111111001100001100011110000011000000000000
000000011111110011110000000110000000000000000011111111111000011110011100001111000011000000000000
000000011111111111111000000110000000000000000011111111110000001111111100000111100011000000000000
000000011111111111011000000110000000000000000011111111110000000111111100000011111010000000000000
000000011111111100001100000110000000000000000011111111000000000111110000000000111110000000000000
000000011111111100011100000110000000000000000011111100000000000111111000000000011111000000000000
000000011111111100011100000110000000000000000011110000000000011111111100000000001111000000000000
000000011111111110011100000110000000000000000011100000000000011111111100001000000111100000000000
000000011111111110011100000110000000000000001111000000111111011100011100111111100011110000000000
000000011111111111111100000110000000000000011100000011111011100000000001111111110000111000000000
000000011111111111111000000110000000000000011100000011111011100000000001111110111000011100000000
000000011111111110000000000110000000000000011100000111111001100000000011111110111000011100000000
000000011111111100000000000110000000000000011100000111111001100000000011111111011000011100000000
000000011101111000000000000110000000000000011100000111111001100000000011111110011000011100000000
000000011101111100000000000110000000000000011100000111111001100000000011111110011000011100000000
000000011101111110000000000110000000000000011100000111111000100000000011111111011000011100000000
000000011111111110000000000110000000000000011100000111111100110000000011111111111000011100000000
000000011111111110000000000111000000000000011100000111111100110000000011111111111000011100000000
000000011111111110000000000110000000000000011100000111111110110000000011111111111000011100000000
000000011111111100000000000110000000000000011100000011111100110000000011111110111000011100000000
000000011111111000000000000110000000000000011100000111111100110000000011111111111000011100000000
000000011111111100000000000110000000000000011100000111111110110000000011111111111000011100000000
000000011111111110000000000111000000000000011100000111111111100000000011111111111000011100000000
000000011111111110000000000111111111111111111100000111111111100000000001111111111000011111111111
000000011111111100000000000111111111111111111000000001111111100000000000111111110000011111111110
000000011111111000000000000111100000000000000000000000000000000000000000000000000000000000000000
000000011111111001100000000111000000000000000000000000000000000000000000000000000000000000000000
000000011111111001011000000111111110001111100001110000001110000000000000000000000000000000000000
000000011111111000011100000111111110011111100001111100111111000011110000000000000000000000000000
000000111111111000011100000111101110111101110011111111111011100111111000111111001111110011111111
000000011111110000001100000111000111111000011110000111100000111110001111110111111100111110001111
000000011111110000001100000111111111111111111111111111111111111111111111111111111111111111111111
000000011111110110001100000111111111111111111111111111111111111111111111111111111111111111111111
000000011111100110001100000111101111000111111001101110001100000111000000011000001111100111100000
000000011111101110001100000011000000000000000000000000000000000000000000000000000000000000000000
000000111111101110011100000011110001110111111111111111111111111111111111111011111111111111111111
000000111111111111111100000111111111111111111111111111111111111111111111111111111111111111111111
000000111111111000001000000011110001111000000111111111100011111100010000000000000000000000000000
000000111111110000000000000011111111111100111111101111111111111001110000000000000000000000000000
000000111111110000000000000011111111111111111111111111111111111111100000000000000000000000000000
000000111111110000000000000011111111111111111111111111111111111111000000000000000000000000000000
000001111111100000000000000011111111111111111111111111111111111110000000000000000000000000000000
000001111111110000000000000011111111111111111111111111111111111110000000000000000000000000000000
000000111111110011000000000011111111111111111111111111110111111000000000000000000000000000000000
000000111111110011000000000011111111111111111101111100111001100000000000000000000000000000000000
000000111111111110000000000011111111111111111101110000011100000000000000000000000000000000000000
000000111111111110000000000011111111111111111101000000001100000000000000000000000000000000000000
000000111111101110000000000011111111110111111000000000000000000000000000000000000000000000000000
000000111111111100000000000011111111111111111111111111111111111111111111111111111111100000000000
000000111111111111000000000011111111111111111111111111111111111111111111111111111111111000000000
000000111111111111000000000011111111111111111000000000000000000000011111111111111111111100000000
000000111111111111000000000011111111111110110010000000000000000000000000000000000000011100000000
000000111111111110000000000011111111111001111111111111111111111111111111111111111100011100000000
000000111111111110110000000011111111111000111111111111111111111111111111111111111110011100000000
000000111111111111111000000011111111111100111111000000000000111111111111111111111110011100000000
000000111111111111011100000011111111111111101110000000000000111111111000000000000110011100000000
000000111111111111011100000011111111111111101110000000000011111000111110000000000110011100000000
000000111111111100001100000011111111111111101110000000000111100000001111000000000110011100000000
000000111111111110001100000011111111111111101110000000011110000000000011110000000110011100000000
000000111111111110000100000011111111111111101110000000111000000000000001111000000110011100000000
000000111111111110000100000011111111111111101110000001110000000000000000111000000110011100000000
000000111111101110000000000011111111111100101110000001100000000000000000111000000110011100000000
000000111111111110000100000011111111110111101110000011000000000000000000001000000110011100000000
000000111111111111111100000011111111110011101110000011000000000000000000001100000111011100000000
000000111111111111111100000011111111110011101110000010000000000000000000001100000111011100000000
000000111111111000000000000011111111111001111110000010000000000000000000001100000111011100000000
000000111111110000000000000011111111111111101110000010000000000000000000001100000111011100000000
000000111111110000000000000011111111111111101110000000000000000000000000001100000011011100000000
000000111111101000000000000011111111110011101110000000000000000000000000001100000011011100000000
000000111111111000000000000011111111111011101110000110000000000000000000001100000011011100000000
000000111111110000000000000011111111111011111110000110000000000000000000001100000011011100000000
000000111111110000000000000011111111111011111110000110000000000000000000001100000011011100000000
000000111111110000000000000011111111111011111110000110000000000000000000001100000011011100000000
000000111111100000000000000011111111111011111110000110000000000000000000001100000011011100000000
000000111111100000000000000011111111111111111110000110000000000000000000001100000011011100000000
000000111111101100000000000011111111111111111110000110000000000000000000001100000011011100000000
000000111111111000000000000011111111111111111100000110000000000000000000001100000011011100000000
000000111111111000000000000011111111111111111100000010000000000000000000001110000011011100000000
000000111111111000000000000011111111111111111100000000000000000000000000001110000011011100000000
000000111111110000000000000011111111111111111100000000000000000000000000001110000011011100000000
000000111111110000000000000011111111111111111100000000000000000000000000001110000011011100000000
000000111111110000000000000011111111111111111100000000000000000000000000001110000011011100000000
000000111111100000000000000011111111111111111100000000000000000000000000001110000011011100000000
000000111111100000000000000011111111111111111110000010000000000000000000001110000111111100000000
000001111111111111111111111111111111111111111111111111111111111111111100001110000111111100000000
000001111111111111111111111111111111111111111111111111111111110000000000000000000000001000000000
000000100000000000000000000001100000000000000000000000000000000000000000000000000000000000000000
