0000000000000000000000000000000000000000000000000
0000000000000000000000000000000000000000000000000
0000000000000000000000000000000000000000000000000
0000000000000000000000000000000000000000000000000
0000000000000000000000000000000000000000000000000
0000000000000000000000000000000000000000000000000
0000000000000000000000000000000000000000000000000
0000000000000000000000000000000000000000000000000
0000000000000000000000000000000000000000000000000
0000000000000000000000000000000000000000000000000
0000000000000000000000000000000000000000000000000
0000000000000000000000000000000000000000000000000
0000000000000000000000000000000000000000000000000
0000000000000000000000000000000000000000000000000
0000000000000000000000000000000000000000000000000
0000000000000000000000000000000000000000000000000
0000000000000000000000000000000000000000000000000
0000000000000000000000000000000000000000000000000
0000000000000000000000000000000111111111000000000
0000000000000000000000000000111111111111100000000
0000000000000000000000000001111111111111110000000
0000000000000000000000000011111111111111111000000
0000000000000000000000000011111111111111111000000
0000000000000000000000000011111111111111111100000
0000000000000000000000000011111111111111111100000
0000000000000000000000000011111111111111111100000
0000000000000000000000000001111111111111110000000
0000000000000000000000001111111111111111100000000
0000000000000000000000011111111111111111100000000
0000000000000000000000011111111111111111110000000
0000000000000000000000011111111111111111110000000
0000000000000000000000001111111111111111110000000
0000000000000000000000001111111111111111110000000
0000000000000000000000000111111111111111111000000
0000001111111100000011100001111111111111111000000
0000111111111111000111100001111111111111111000000
0001111111111111111111111111111111111111111000000
0011111100111111111111111111111111111111111000000
0111100000000111111111111111111111111111111000000
0111000000000001111111111111111111111111111000000
1100000000000000000111110001111111111111111000010
0000000000000000000111100000111111111111111100111
0000000000000000000000000000111111111111111111111
0000000000000000000000000000111111111111111111110
0000000000000000000000000000111111111111111111110
0000000000000000000000000000111111111111111111100
0000000000000000000000000000111111111111111110000
0000000000000000000000000000111111111111111100000
0000000000000000000000000000111111111111111100000
0000000000000000000000000000111111001111111000000
0000000000000000000000000000111111001111111000000
0000000000000000000000000000111111001111111000000
0000000000000000000000000000111111001111110000000
