000000000000000000000000100000000000000000000000
000000000000000000000001110000000000000000000000
000000000000000000000001111000000000000011100000
000000000000000000000001111000000000000111100000
000000000000000000000001111100000000001111110000
000000000000000000000001111100000000001111110000
000000000000000000000001111100011100011111110000
000000000000000000000001111111111111111111110000
000000000000000000000001111111111111111111110000
000000000000000000000001111111111111111111110000
000000000000000000000011111111111111111111110000
000000000000000000000011111111111111111111100000
000000000000000000000011111111111111111111100000
000000000000000000000111111111111111111111000000
000000000000000000000111111111111111111111000000
000000000000000000000111111111111111111111000000
000000000000000000000111111111111111111111000000
000000000000000000000111111111111111111110000000
000000000000000000001111111111111111111000000000
000000000000000000001111111111111111111100000000
000000000000000000011111111111111111111110000000
000000000000000010011111111111111111111110000000
000000000000000111111111111111111111111111000000
000000000000000111111111111111111111111111100000
000000000000000011111111111111111111111111100000
000000000000000000000001111111111111111111110000
000000000000000000000000001111111111111111111000
000000000000000000000000001111111111111111111000
000000000000000000000000011111111111111111111100
000000000000000000000000011111111111111111111100
000000000000000000000000001111111111111111111100
000000000000000000000000001111111111111111111110
000000000000000000000000001111111111111111111110
000000000000000000000000011111111111111111111110
000000000000000000000000011111111111111111111111
000000000000000000000000011111111111111111111111
000000000000000000000000011111111111111111111111
000000000000000000000000011111111111111111111110
000000000000000000000000011110111111111111111110
000000000000000000000000111110111111110111111000
000000000000000000000001111111111111110111111000
000000000000000000000001111111111001111111110000
000000000000000000000000000000000011111111110000
000000000000000000000000000000000000100111000000
