000011100000000000000000000000000000000000000000
000111111100000000000000000000000000000000000000
000001111111000000000000000000000000000000000000
000000011111100000000000000000000000000000000000
000000001111100000000000000000000000000000000000
000000000111110000000000000000000000000000000000
000000000111110000000000000000000000000000000000
000000000011111000000000000000000000000000000000
000000000011111000000000000000000000000000000000
000000000001111000000000000000000000000000000000
000000000001111000000000000000000000000000000000
000000000001111100000000000000000000000000000000
000000000000111100000000000000000000000000000000
000000000000111100000000000000000000000000000000
000000000000111100000000000000000000000000000000
000000000000111100000000000000000000000000000000
000000000000111110000000000000000000000000000000
000000000000111110000000000000111111111000000000
000000000000011111000000001111111111111100000000
000000000000001111111100011111111111111110000000
000000000000000111111100011111111111111110000000
000000000000001111111100111111111111111111000000
000000000000001111111100111111111111111111100000
000000000000001111111110111111111111111111100000
000000000000001111111111111111111111111111000000
000000000000001111111111111111111111111110000000
000000000000000000111111111111111111111100000000
000000000000000000111111111111111111111100000000
000000000000000000000111111111111111111100000000
000000000000000000000111111111111111111110000000
000000000000000000000011111111111111111110000000
000000000000000000000011111111111111111110000000
000000000000000000000001111111111111111110000000
000000000000000000000000011111111111111111000000
000000000000000000000000000111111111111111000000
000000000000000000000000000111111111111111000000
000000000000000000000000000111111111111111000000
000000000000000000000000000111111111111111000000
000000000000000000000000000111111111111111000000
000000000000000000000000000111111111111111000010
000000000000000000000000000111111111111111000111
000000000000000000000000000111111111111111111111
000000000000000000000000001111111111111111111110
000000000000000000000000001111111111111111111100
000000000000000000000000000111111111111111111000
000000000000000000000000000111111111111111110000
000000000000000000000000001111111111111111110000
000000000000000000000000001111111111111111110000
000000000000000000000000011111110000111111110000
000000000000000000000000011111110000011111110000
000000000000000000000000011111110000011111111000
000000000000000000000000001111110000011111110000
000000000000000000000000000000000000001111000000
