000000000000000000000000100000000000000000000000
000000000000000000000001010000000000000000000000
000000000000000000000001001000000000000011100000
000000000000000000000001001000000000000100100000
000000000000000000000001001100000000001000010000
000000000000000000000001000100000000001000010000
000000000000000000000001000100011000010000010000
000000000000000000000001001111100011110000010000
000000000000000000000001011000000000010000010000
000000000000000000000001100000000000010000010000
000000000000000000000001000000000000100000010000
000000000000000000000010000000011000100000100000
000000000000000000000010000000100000010000100000
000000000000000000000000000001000000010001000000
000000000000000000000100000010110000010101000000
000000000000000000000100000000110000010101000000
000000000000000000000111000001110000010101000000
000000000000000000000101110001110000001110000000
000000000000000000001111101000110000010000000000
000000000000000000001110001000000000100100000000
000000000000000000010110000000000000100010000000
000000000000000010011110000000000000100000000000
000000000000000111111101000000000000100000000000
000000000000000111111100100000000011000000000000
000000000000000011111110011110011100000000100000
000000000000000000000001001000000000000000010000
000000000000000000000000001000000000000000001000
000000000000000000000000001000000000000000001000
000000000000000000000000010000000000000000001100
000000000000000000000000010000000000000000000100
000000000000000000000000001000000000000000000100
000000000000000000000000001000000000000000000010
000000000000000000000000001000000000000000000010
000000000000000000000000010000000000000000000010
000000000000000000000000010000000000000000000001
000000000000000000000000010000000000010000000001
000000000000000000000000010000000000000000000001
000000000000000000000000010011000100011000000010
000000000000000000000000010000011110001101100110
000000000000000000000000100010000011000100111000
000000000000000000000001000110010001000100001000
000000000000000000000001100011110001001010010000
000000000000000000000000000000000010011101100000
000000000000000000000000000000000000000111000000
