0000000000000000000000000000000000000000000000000
0000000000000000000000000000000000000000000000000
0000000000000000000000000000000000000000000000000
0000000000000000000000000000000000000000000000000
0000000000000000000000000000000000000000000000000
0000000000000000000000000000000000000000000000000
0000000000000000000000000000000000000000000000000
0000000000000000000000000000000000000000000000000
0000000000000000000000000000000000000000000000000
0000000000000000000000000000000000000000000000000
0000000000000000000000000000000000000000000000000
0000000000000000000000000000000000000000000000000
0000000000000000000000000000000000000000000000000
0000000000000000000000000000000000000000000000000
0000000000000000000000000000000000000000000000000
0000000000000000000000000000000000000000000000000
0000000000000000000000000000000000000000000000000
0000000000000000000000000000000000000000000000000
0000000000000000000000000000000111110001000000000
0000000000000000000000000000111111110011100000000
0000000000000000000000000001100000000000110000000
0000000000000000000000000011000000000000011000000
0000000000000000000000000011000000011000011000000
0000000000000000000000000011011000001000001100000
0000000000000000000000000011011111001100001100000
0000000000000000000000000011011111001100011100000
0000000000000000000000000001100111000111110000000
0000000000000000000000001111001100000011100000000
0000000000000000000000011111001100000000100000000
0000000000000000000000011110011000000000110000000
0000000000000000000000011000001100000000110000000
0000000000000000000000001000000000000000110000000
0000000000000000000000001100000000000000010000000
0000000000000000000000000111111111000000011000000
0000001111111100000011100001111110000000011000000
0000111100011111000111100000111000000000011000000
0001111111110011111111111111111001000000011000000
0011111100111100000111111100010011000000011000000
0111100000000111111111111100110011010000011000000
0111000000000001111110111111110110110000011000000
1100000000000000000110110001111100110000001000010
0000000000000000000111100000111101100000001100111
0000000000000000000001000000111001100000001111111
0000000000000000000000000000110011000000001111110
0000000000000000000000000000110110000000001101110
0000000000000000000000000000111110000000000111100
0000000000000000000000000000110000000000000110000
0000000000000000000000000000110001111110001100000
0000000000000000000000000000100011111110001100000
0000000000000000000000000000100011001100001000000
0000000000000000000000000000100011001100011000000
0000000000000000000000000000110011001100111000000
0000000000000000000000000000111111001111110000000
