000000000000000000000000110000000000000000000000
000000000000000000000001010000000000000000000000
000000000000000000000001001000000000000011100000
000000000000000000000000001000000000000100100000
000000000000000000000001001100000000001000010000
000000000000000000000001000100000000001000010000
000000000000000000000001000100011100010000010000
000000000000000000000001001111000011100000010000
000000000000000000000001011000000000010000010000
000000000000000000000001100000000000010000010000
000000000000000000000001000000000000100000000000
000000000000000000000010000000010000100000100000
000000000000000000000010000000100000010000100000
000000000000000000000000000001000000010001000000
000000000000000000000100000010001100010101000000
000000000000000000000100000000111000010101000000
000000000000000000000111000000110000000001000000
000000000000000000000100100000111000001110000000
000000000000000000001111100000000000010000000000
000000000000000000001110001000000000100100000000
000000000000000000010100000000000000100010000000
000000000000000000011110000000000000100000000000
000000000000000000001001000000000000100000000000
000000000000000000000100100000000011000000000000
000000000000000000000010011111111100000000100000
000000000000000000000001001000000000000000010000
000000000000000000000000001000000000000000001000
000000000000000000000000001000000000000000001000
000000000000000000000000010000000000000000001100
000000000000000000000000010000000000000000000100
000000000000000000000000001000000000000000000100
000000000000000000000000000000000000000000000010
000000000000000000000000000000000000000000000010
000000000000000000000000000000000000000000000010
000000000000000000000000000000000000000000000001
000000000000000000000000000000000000000000000001
000000000000000000000000000000000000000000000001
000000000000000000000000010011000110011000000010
000000000000000000000000000000011110001100100110
000000000000000000000000100110000011000100111000
000000000000000000000001000110110001000000010000
000000000000000000000001100011110000001010010000
000000000000000000000000000000000010011101100000
000000000000000000000000000000000000100111000000
