000000000000000000000000110000000000000000000000
000000000000000000000001111000000000000000000000
000000000000000000000001111000000000000011100000
000000000000000000000001111100000000000111100000
000000000000000000000001111100000000001111110000
000000000000000000000001111100000000001111110000
000000000000000000000001111100011100011111110000
000000000000000000000001111111111111111111110000
000000000000000000000001111111111111111111110000
000000000000000000000001111111111111111111110000
000000000000000000000011111111111111111111110000
000000000000000000000011111111111111111111100000
000000000000000000000011111111111111111111100000
000000000000000000000011111111111111111111000000
000000000000000000000111111111111111111111000000
000000000000000000000111111111111111111111000000
000000000000000000000111111111111111111111000000
000000000000000000000111111111111111111110000000
000000000000000000001111111111111111111100000000
000000000000000000001111111111111111111100000000
000000000000000000011111111111111111111110000000
000000000000000000011111111111111111111110000000
000000000000000000001111111111111111111111000000
000000000000000000001111111111111111111111000000
000000000000000000000111111111111111111111100000
000000000000000000000001111111111111111111110000
000000000000000000000000001111111111111111111000
000000000000000000000000001111111111111111111000
000000000000000000000000011111111111111111111100
000000000000000000000000011111111111111111111100
000000000000000000000000001111111111111111111100
000000000000000000000000001111111111111111111110
000000000000000000000000011111111111111111111110
000000000000000000000000011111111111111111111110
000000000000000000000000011111111111111111111111
000000000000000000000000011111111111111111111111
000000000000000000000000011111111111111111111111
000000000000000000000000011111111111111111111110
000000000000000000000000011110011111111111111110
000000000000000000000000111111111111110111111000
000000000000000000000001111111111111110111110000
000000000000000000000001111011111011111111110000
000000000000000000000000000000000011111111100000
000000000000000000000000000000000000100111000000
