000011100000000000000000000000000000000000000000
000111111100000000000000000000000000000000000000
000001111111000000000000000000000000000000000000
000000011001100000000000000000000000000000000000
000000001101100000000000000000000000000000000000
000000000100110000000000000000000000000000000000
000000000110110000000000000000000000000000000000
000000000011011000000000000000000000000000000000
000000000011011000000000000000000000000000000000
000000000001001000000000000000000000000000000000
000000000001101000000000000000000000000000000000
000000000001101100000000000000000000000000000000
000000000000101100000000000000000000000000000000
000000000000101100000000000000000000000000000000
000000000000111100000000000000000000000000000000
000000000000111100000000000000000000000000000000
000000000000110110000000000000000000000000000000
000000000000110110000000000000111100011000000000
000000000000011011000000001111111100111100000000
000000000000001101111100011100000000000110000000
000000000000000111111100010000000010000110000000
000000000000001111001100110000000010000011000000
000000000000001100011100110110000011000001100000
000000000000001101111110110110111001000001100000
000000000000001111111011110011111001100111000000
000000000000001111101101111001110001111110000000
000000000000000000111111111001000000011000000000
000000000000000000111111110011000000001100000000
000000000000000000000111100111000000000100000000
000000000000000000000110000011100000000110000000
000000000000000000000011000000000000000110000000
000000000000000000000011000000000000000110000000
000000000000000000000001111111111000000010000000
000000000000000000000000011111100000000011000000
000000000000000000000000000010000000000011000000
000000000000000000000000000110010000000011000000
000000000000000000000000000110010000000011000000
000000000000000000000000000100110010000011000000
000000000000000000000000000101100110000011000000
000000000000000000000000000111101100000011000010
000000000000000000000000000111001100000001000111
000000000000000000000000000110011000000001111111
000000000000000000000000001100010000000001110110
000000000000000000000000001100110000000001101100
000000000000000000000000000111100000000001111000
000000000000000000000000000100000000000000110000
000000000000000000000000001100011111100000100000
000000000000000000000000001000011111110000110000
000000000000000000000000011000010000110000110000
000000000000000000000000011000010000010000110000
000000000000000000000000011000110000011000111000
000000000000000000000000001111110000011111110000
000000000000000000000000000000000000001111000000
