0000000000000000000000000000000000000000000000000000000000000000
0011111111111111111111111111111111111111111111111111111000000000
0110000000000000000000000000000000000000000000000000000111000000
0100000000000000000000000000000000000000000000000000000001000000
0100000000001111111111100000000000000000111100000000000000100000
0100000000001000000000100000000000000000100100000000000000100000
0100000000001000000000100000000000000000101000000000000000111000
0100000000001011111111100000000000000000101000000000000000111100
0100000000001110000000000000000000000000101000000000000000111100
0100000000001110000000000001000000000000101000000000000000111110
0100000000001011111110000111111000000111011000000000000000111110
0100000000001000000010000011000110001011111100000000000000111110
0100000000001011110110000010011001011111000100000000000000111110
0100000000001010001100000010100101001101100100000000000000111110
0100000000001010000011100010100011001111110100000000000000111110
0100000000001011111100100010100010101011111100000000000000111110
0110000000001000000000100011100011100110001000000000000001111110
0011100000001111111111100001100000000000000000000000000001111110
0000111111111111111111111111111111111111111111111111111111111110
0000011111111111111111111111111110111110111111111111111111111110
0000011111111111111111111111111111111111111111111111111111111100
0000001111111111011111111110111111111111101101111111110111111100
0000001111111111111111111111111111111111111111111111111111110000
0000000000000000000000000000000000000000000000000000000000000000
