000000000011111110000000000000000000000000000000
000000001100000001100000000000000000000000000000
000000010000000000010000000000000000000000000000
000000100000000000001000000000000000000000000000
000001000000000000000100000000000000000000000000
000001000000000000000010000000000000000000000000
000010000000000000000010000000000000000000000000
000010000000000000000001000000000000000000000000
000100000000000000000001000000000000000000000000
000100000000000000000001000000000000000000000000
000100000000000000000001000000000000000000000000
000100000000000000000001000000000000000000000000
000100000000000000000001000000000000000000000000
000100000000000000000010000000000000000000000000
000100000000000000000010000000000000000000000000
000100000000000000000110000000000000000000000000
000100000000000000000100000000000000000000000000
000010000000000000001000000000000000000000000000
000010000000000000011000000000000000000000000000
000001000000000000110000000000000000000000000000
000000100000000001100000000000000000000000000000
000000011000000110000000000000000000000000000000
000000001100111000000000000000000000000000000000
000000000111000000000000000000000000000000000000
000000001110000000000000000000011110000000000000
000000001110000000010000000001111111000000000000
000000000100000011111100000010011110000000000000
000000000100000010000010001100110010000000000000
000000000100000000000001111000000010000000000000
000000000100010001111000000000000010000000000000
000000001100100000011100000000111100000000000000
000000001101000010011100000001001000000000000000
000000001001000010011000000110001000000000000000
000000001010000010000000001100010000000000000000
000000001110000010000000010000000000000000000000
000000001100000010001110100000000000000000000000
000000001100000010001100000001111100000000000000
000000000100000010000111111110000100000000000000
000000000100000010000000000000011100000000000000
000000000110000100000000111111100000000000000000
000000000111111000000000000000000000000000000000
000000000101000000000001000000000000000000000000
000000000110000000000001000000000000000000000000
000000000110000000000001000000000000000000000000
000000001100000100000001000000000000000000000000
000000010010000100000001000000000000000000000000
000000110010000100000001100000000000000000000000
000000100001000100000001100000000000000000000000
000001100001100100010010100000000000000000000000
000001000110110100010011000000000000000000000000
000001000011111010011011100000000000000000000000
000001000000011110111101100000000000000000000000
000001000000001011111111100000000000000000000000
000001000000001001011110010000000000000000000000
000001101000011111011010010000000000000000000000
000000101000011101011011010000000000000000000000
000000101100010101001011010000000000000000000000
000001100100110101001011010000000000000000000000
000111110100100101001010011000000000000000000000
011101100100111111101011001100000000000000000000
111110000100001111110101111100000000000000000000
110000000110000011111100000000000000000000000000
000000000011111100000000000000000000000000000000
000000000000000000000000000000000000000000000000
