000000000011111110000000000000000000000000000000
000000001111111111100000000000000000000000000000
000000011111111111110000000000000000000000000000
000000111111111111111000000000000000000000000000
000001111111111111111100000000000000000000000000
000001111111111111111110000000000000000000000000
000011111111111111111110000000000000000000000000
000011111111111111111111000000000000000000000000
000111111111111111111111000000000000000000000000
000111111111111111111111000000000000000000000000
000111111111111111111111000000000000000000000000
000111111111111111111111000000000000000000000000
000111111111111111111111000000000000000000000000
000111111111111111111110000000000000000000000000
000111111111111111111110000000000000000000000000
000111111111111111111110000000000000000000000000
000111111111111111111100000000000000000000000000
000011111111111111111100000000000000000000000000
000011111111111111111000000000000000000000000000
000001111111111111110000000000000000000000000000
000000111111111111100000000000000000000000000000
000000011111111110000000000000000000000000000000
000000001111111000000000000000000000000000000000
000000000111000000000000000000000000000000000000
000000001110000000000000000000011110000000000000
000000001110000000011000000001111111000000000000
000000000100000011111110000011111110000000000000
000000000100000111111110001111111110000000000000
000000000100001111111111111111111110000000000000
000000000100011111111111111111111110000000000000
000000001100111111111111111111111100000000000000
000000001101111111111111111111001000000000000000
000000001001111111111111111110001000000000000000
000000001011111111111111111100010000000000000000
000000001111111111111111111000000000000000000000
000000001111111111111111100000000000000000000000
000000001111111111111100000011111100000000000000
000000000111111111111111111111111100000000000000
000000000111111111111111111111111100000000000000
000000000111111111111111111111100000000000000000
000000000111111111111111000000000000000000000000
000000000101111111111111000000000000000000000000
000000000111111111111111100000000000000000000000
000000000111111111111111100000000000000000000000
000000001111111111111111000000000000000000000000
000000011111111111111111000000000000000000000000
000000111111111111111111100000000000000000000000
000000111111111111111111100000000000000000000000
000001111111111111111111100000000000000000000000
000001111111111111111111100000000000000000000000
000001111111111111111111100000000000000000000000
000001111111111111111111100000000000000000000000
000001111111111111111111110000000000000000000000
000001111111111111111111110000000000000000000000
000001111111111111111011110000000000000000000000
000000111111111111111011110000000000000000000000
000000111111110111111011110000000000000000000000
000001111111110111111011110000000000000000000000
000111110111100111111011111000000000000000000000
011111100111111111111011111100000000000000000000
111110000111111111111101111100000000000000000000
110000000111111111111100000000000000000000000000
000000000011111111000000000000000000000000000000
000000000000000000000000000000000000000000000000
