000000000011111100000000000000000000000000000000
000000001111111111100000000000000000000000000000
000000011111111111110000000000000000000000000000
000000111111111111111000000000000000000000000000
000001111111111111111100000000000000000000000000
000011111111111111111100000000000000000000000000
000011111111111111111110000000000000000000000000
000111111111111111111110000000000000000000000000
000111111111111111111111000000000000000000000000
000111111111111111111111000000000000000000000000
000111111111111111111111000000000000000000000000
000111111111111111111111000000000000000000000000
000111111111111111111111000000000000000000000000
000111111111111111111110000000000000000000000000
000111111111111111111110000000000000000000000000
000111111111111111111100000000000000000000000000
000111111111111111111100000000000000000000000000
000111111111111111111000000000000000000000000000
000011111111111111111000000000000000000000000000
000001111111111111110000000000000000000000000000
000001111111111111100000000000000000000000000000
000000111111111111000000000000000000000000000000
000000001111111000000000000000000000000000000000
000000000111100000000000000000000000000000000000
000000001110000000000000000000001110000000000000
000000001110000000000000000001111110000000000000
000000000100000011111100000011111110000000000000
000000000100000111111110001111111110000000000000
000000000100001111111111111111111110000000000000
000000001000011111111111111111111110000000000000
000000001000111111111111111111111100000000000000
000000001001111111111111111111101000000000000000
000000001001111111111111111110001000000000000000
000000001011111111111111111100010000000000000000
000000001111111111111111111000000000000000000000
000000001111111111111111100000000000000000000000
000000001111111111111110000000111000000000000000
000000001111111111111111111111111100000000000000
000000001111111111111111111111111100000000000000
000000001111111111111111111111110000000000000000
000000000111111111111111100000000000000000000000
000000000101111111111111000000000000000000000000
000000000111111111111111000000000000000000000000
000000000111111111111111000000000000000000000000
000000001111111111111111000000000000000000000000
000000011111111111111111000000000001100000000000
000000111111111111111111100000000001100110000000
000000111111111111111111100000000010111110000000
000001111111111111111111100000011100000100000000
000001111111111111111111100000000000001100000000
000001111111111111111111100000000000000100000000
000001111111111111111111100000000000000100000000
000001111111111111111111100000000000000000000000
000001111111111111111111100000000000000000000000
000001111111111111111011110000000000000000000000
000000111111111101111011110000000100000000000000
000000111111111101111011110000000110001000000000
000001111111111101111011110000001111110000000000
000011111111111101111011110000011000100000000000
011111100111111111111011111000001000000000000000
111111000111111111111111111100001000000000000000
111000000111111111111100111000001000000000000000
000000000111111110001100000000001100000000000000
000000000000000000000000000000000000000000000000
