000000000000000000000000000000000000000000000000
000000000000000000000000000000000000000000000000
000000000000000000000000000000000000000000000000
000000000000000000000000000000000000000000000000
000000000000000000000000000000000000000000000000
000000000000000000000000000000000000000000000000
000000000000000000000000000000000000000000000000
000000000000000000000000000000000000000000000000
000000000000000000000000000000000000000000000000
000000000000000000000000000000000000000000000000
000000000000111000000000000000000000000000000000
000000000011111111000000000000000000000000000000
000000001111111111100000000000000000000000000000
000000011111111111110000000000000000000000000000
000000111111111111110000000000000000000000000000
000001111111111111111000000000000000000000000000
000001111111111111111000000000000000000000000000
000011111111111111111110000000000000000000000000
000011111111111111111111111000000000000000000000
000011111111111111111111111111100000000000000000
000011111111111111111111111111111000000000000000
000111111111111111111111111111111100000000000000
000111111111111111111111111111111100000000000000
000111111111111111111111111111110000000000000000
000111111111111111111111111111100000000000000000
000011111111111111111111111111100000000000000000
000001111111111111111111111110000000000000000000
000000011111111111111000011000000000000000000000
000000001111111111111000111100000000000000000000
000000011111111111111111111111111000000001000000
000000011111111111111111111111111111111111111100
000000011111111111111111111111111111111111111110
000000011111111111111111111111111111111111111111
000000011111111111111111111111111111111111111110
100110011111111111111111111111111111111111111000
101111011111111111111100011000000000000000000000
101111111111111111111000000000000000000000000000
111111111111111111111100000000000000000000000000
111111111111111111111100000000000000000000000000
011111111111111111111100000000000000000000000000
000111111111111111111110000000000000000000000000
000000111111111111111110000000000000000000000000
000000111111111111111110000000000000000000000000
000000111111111111111111000000000000000000000000
000011111111111111111111000000000000000000000000
000111111110000000011111100000000000000000000000
001111111100000000011111100000000000000000000000
001111111000000000011111110000000000000000000000
001111110000000000001111100000000000000000000000
000011110000000000000111000000000000000000000000
