000000000000000000000000000000000000000000000000
000000000000000000000000000000000000000000000000
000000000000000000000000000000000000000000000000
000000000000000000000000000000000000000000000000
000000000000000000000000000000000000000000000000
000000000000000000000000000000000000000000000000
000000000000000000000000000000000000000000000000
000000000010000010000000000000000000000000000000
000000000010000010000000000000000000000000000000
000000000110000110000000000000000000000000000000
000000000010000100000000000000000000000000000000
000000000000001100000000000000000000000000000000
000110000000001000000000000000000000000000000000
000011000000000000000000000000000000000000000000
000000100000000000000000000000000000000000000000
000000000000000000000000000000000000000000000000
000000000000000000000000000000000000000000000000
000000000000000001110000000000000000000000000000
011000000000000000000000000000000000000000000000
001111100000000100000000000000000000000000000000
000000000000000010000000000000000000000000000000
000000011100000001100000000000000000000000000000
000000011111100000010000000000000000000000000000
000000001111110000000000000000000000000000000000
000000001111000000000000000000011110000000000000
000000011110000000010000000001111110000000000000
000000011110000011111100000111111110000000000000
000000000100000111111110001111111110000000000000
000000000100001111111111111111111110000000000000
000000001000011111111111111111111110000000000000
000000001000111111111111111111111100000000000000
000000001001111111111111111111001000000000000000
000000001011111111111111111110011000000000000000
000000001011111111111111111100110000000000000000
000000001111111111111111110000000000000000000000
000000001111111111111111100000000000000000000000
000000001111111111111100000001111000000000000000
000000001111111111111111111111111100000000000000
000000001111111111111111111111111100000000000000
000000001111111111111111111111100000000000000000
000000000111111111111111000000000000000000000000
000000000111111111111111000000000000000000000000
000000000111111111111111000000000000000000000000
000000000111111111111111000000000000000000000000
000000001111111111111111000000000000000000000000
000000011111111111111111000000000000000000000000
000000111111111111111111100000000000000000000000
000000111111111111111110100000000000000000000000
000001111111111111111110100000000000000000000000
000001111111111111111111000000000000000000000000
000011111111111111111111100000000000000000000000
000011111111111111111111100000000000000000000000
000011111111111111111111100000000000000000000000
000001111111111111111111100000000000000000000000
000001111111111111111011110000000000000000000000
000000111111111111111011110000000000000000000000
000000111111110111111011110000000000000000000000
000001111111100111111011110000000000000000000000
000111110111100111111011111000000000000000000000
011111100111110111111011111000000000000000000000
111110000111111111111111111100000000000000000000
100000000111111111011100000000000000000000000000
000000000111111100000000000000000000000000000000
000000000000000000000000000000000000000000000000
