00000000000000000000000000000000000000000000000000000000000000000000000000000000000000000000000000000000000000000000000000000000
00000011111111111111111111111111111111111111111111111111111111111111111111111111111111111111111111111111111111111111100000000000
00001110000000000000000000000000000000000000000000000000000000000000000000000000000000000000000000000000000000000000111000000000
00011000000000000000100000000000000000000000000000000000000000000000000000000000000000000000000000000000000000000000001100000000
00110000000000000001111000000000000000000000000000000000000000000000000000000000000000000000000000000000000000000000000110000000
00100000000000000001001000000000000000000000000000000000000000000000000000000000000000010000000000000000000000000000000010000000
01100000000001000001001000000000000000000000000000000000000000000000000000000000000000111000000000000000000000000000000011000000
01100000111111000001001000000000000000000000000000000000000000000000000000000000000001101000000000000000000000000000000001000000
01100011100001000001001000000000000000000000000000000000000000000000000000000000000000101000000000000000000000000000000001000000
01100011111101000001001000000000000000000000000000000000000000000000000000000000000000101000000000000000000000000000000001000000
01100011000101000001001000000000000000000000000000000111000000000000000000001110000000101000000000000000000001111000000001000000
01100000000101000001001000000000000000000000000000001101000000000000000000011100000000101000010001111111111111110000000001000000
01100000000101000001001000000000000000000000000000001101000000000000000000011100111000101000111001110000111100110000000001000000
01100000000101111111001000000000000000000000000000111101111000010000000000011111001100101001101111111101100111100000000001000000
01100000000101111110011000001000111000100111100001111001111000111100000000011100000111101010011111111111101111000000000001000000
01100000000101111111011000111101111001110111100001111000001001100111000000010011110011101110011110100011011011000000000001000000
01100000000101000001011001110111011001010111000000111001111011001011000000010011011011101110100110100001100110000000000001000000
01100000000101000001011011111111111011010111000000001101000010011111000000010001110010101010100110100000100100000000000001000000
01100000001101000001011011111110101011111111000000001001010010110111000000010010010010101010111110010000010100000000000001000000
00100000001001000001011011111010111111101111000000001101111010110111000000010111110110111010011111011000010100000000000001000000
00100000001011000001011011111110011111111110000000001101001110111110000000010110011100111011111101110000010100000000000001000000
00100000011110000001011001001100010010010110000000001100011111101110000000010010000000000000011000110000010100000000000011000000
00110000000110000001011001111100011110011100000000000100110001111100000000110010000000000000000001111111110100000000000010000000
00011000000000000001110000000000001100001100000000000011000000000000000000111110000000000000000001111111111100000000000110000000
00001111111111111111111111111111111111111111111111111111111111111111111010111110001100101101010101111111111111111111111000000000
00000000011111111111111111111111111111111111111111111111111111111111111111111111111111111111111111111111111111111111100000000000
00000000000000000000000000000000000000000000000000000000000000000000000000000000000000000000000000000000000000000000000000000000
00000000000000000000000000000000000000000000000000000000000000000000000000000000000000000000000000000000000000000000000000000000
00000000000000000000000000000000000000000000000000000000000000000000000000000000000000000000000000000000000000000000000000000000
00000000000000000000000000000000000000000000000000000000000000000000000000000000000000000000000000000000000000000000000000000000
00000000000000000000000000000000000000000000000000000000000000000000000000000000000000000000000000000000000000000000000000000000
00000000000000000000000000000000000000000000000000000000000000000000000000000000000000000000000000000000000000000000000000000000
00000000000000000000000000000000000000000000000000000000000000000000000000000000000000000000000000000000000000000000000000000000
00000000000000000000000000000000000000000000000000000000000000000000000000000000000000000000000000000000000000000000000000000000
