000000000000000000000000000000000000000000000000000000000000000000000000000000000000000000000000000000000000000000000000000000000000000000000000
000000000000000000000000000000000000000000000000000111100000000000000000000000000001111110000000000000000000000000000000000000000000000000000000
000000000000000000000000000000000000000000000000111111111110000000000000000000000111111111100000000000000000000000000000000000000000000000000000
000000000000000000000000000000000000000000000011111111111110000000000000000000001111111111111000000000000000000000000000000000000000000000000000
000000000000000000000000000000000000000000001111111111111111000000000000000000011111111111111110000000000000000000000000000000000000000000000000
000000000000000000000000000000000000000000111111111111111111000000000000000000111111111111111111100000000000000000000000000000000000000000000000
000000000000000000000000000000000000000011111111111111111111100000000000000000111111111111111111110000000000000000000000000000000000000000000000
000000000000000000000000000000000000001111111111111111111111100000000000000001111111111111111111111000000000000000000000000000000000000000000000
000000000000000000000000000000000000011111111111111111111111100000000000000001111111111111111111111000000000000000000000000000000000000000000000
000000000000000000000000000000000000011111111111111111111111100000000000000001111111111111111111111000000000000000000000000000000000000000000000
000000000000000000000000000000000000111111111111111111111111100000000000000001111111111111111111111100000000000000000000000000000000000000000000
000000000000000000000000000000000000111111111111111111111111100000000000000001111111111111111111111100000000000000000000000000000000000000000000
000000000000000000000000000000000001111111111111111111111111100000000000000001111111111111111111111100000000000000000000000000000000000000000000
000000000000000000000000000000000001111111111111111111111111000000000000000001111111111111111111111100000000000000000000000000000000000000000000
000000000000000000000000000000000001111111111111111111111111000000000000000001111111111111111111111100000000000000000000000000000000000000000000
000000000000000000000000000000000000111111111111111111111111000000000000000001111111111111111111111000000000000000000000000000000000000000000000
000000000000000000000000000000000000111111111111111111111111000000000000000001111111111111111111111000000000000000000000000000000000000000000000
000000000000000000000000000000000000011111111111111111111111000000000000000001111111111111111111110000000000000000000000000000000000000000000000
000000000000000000000000000000000000011111111111111111111111000000000000000001111111111111111111110000000000000000001111000000000000000000000000
000000000000000000000000000000000000001111111111111111111111000000000000000001111111111111111111100000000000000000111111100000000000000000000000
000000000000000000000000000000000000000111111111111111111111000000000000000001111111111111111111000000000000000001111111110000000000000000000000
000000000000000000000000000000000000000011111111111111111111000000000000000001111111111111111110000000000000000011111111111000000000000000000000
000000000000000000000000000000000000000011111111111111111111000000000000000011111111111111111100000000000000000111111111111100000000000000000000
000000000000000000000000000000000000000001111111111111111111000000000000000011111111111111111000000000000000001111111111111110000000000000000000
000000000001111111100000000000000000000000011111111111111111000000000000000011111111111111110000000000000000001111111111111110000000000000000000
000000001111111111110000000000000000000000001111111111111110000000000000000001111111111111110000000000000000011111111111111111000000000000000000
000000111111111111111000000000000000000000000011111111111110000000000000000001111111111111100000000000000000011111111111111111000000000000000000
000001111111111111111100000000000000000000000001111111111100000000000000000001111111111111000000000000000000111111111111111111000000000000000000
000011111111111111111110000000000000000000000000111111111100000000000000000000111111111110000000000000000000111111111111111111100000000000000000
000111111111111111111110000000000000000000000000001111111000000000000000000000011111111100000000000000000001111111111111111111100000000000000000
000111111111111111111110000000000000000000000000000111110000000000000000000000000111111000000000000000000001111111111111111111100000000000000000
000111111111111111111111000000000000000000000000000000000000000000111111111000000000000000000000000000000011111111111111111111100000000000000000
000111111111111111111111000000000000000000000000000000000000000011111111111111100000000000000000000000000011111111111111111111100000000000000000
000111111111111111111111100000000000000000000000000000000000001111111111111111111000000000000000000000000011111111111111111111000000000000000000
000111111111111111111111110000000000000000000000000000000000111111111111111111111100000000000000000000000011111111111111111111000000000000000000
000111111111111111111111111000000000000000000000000000000111111111111111111111111111000000000000000000000011111111111111111110000000000000000000
000111111111111111111111111000000000000000000000000000001111111111111111111111111111100000000000000000000011111111111111111110000000000000000000
000011111111111111111111111100000000000000000000000000111111111111111111111111111111111000000000000000000011111111111111111110000000000000000000
000011111111111111111111111100000000000000000000000011111111111111111111111111111111111110000000000000000011111111111111111100000000000000000000
000001111111111111111111111110000000000000000000000111111111111111111111111111111111111111000000000000000011111111111111111100000000000000000000
000001111111111111111111111110000000000000000000001111111111111111111111111111111111111111110000000000000111111111111111111000000000000000000000
000000111111111111111111111110000000000000000000001111111111111111111111111111111111111111111000000000000111111111111111110000000000000000000000
000000011111111111111111111111000000000000000000000111111111111111111111111111111111111111111100000000000011111111111111000000000000000000000000
000000000111111111111111111111000000000000000000000111111000011111111111111111111111111111111110000000000011111111111110000000000000000000000000
000000000001111111111111111111000000000000000000000111000000001111111111111111111111111111111111000000000011111111111000000000000000000000000000
000000000000011111111111111111000000000001100000000000000000001111111111111111111111111111111111110000000001111111100000000000000000000000000000
000000000000000011111111111111000000000011100000000000000000000111111111111111111111111111111111111000000000011100000000000000000000000000000000
000000000000000000000111111110000000000111100000000000010000000111111111111111111111111111111111111100000000000000000000000000000000000000000000
000000000000000000000000000000000000001111100000000011111000000011111111111111111111111111111111111110000000000000000000000000000000000000000000
000000000000000000000000000000000000011111100000001111111000000011111111111111111111111111111111111111000000000000000000000000000000000000000000
000000000000000000000000000000000000111111100000001111111000000011111111111111111111111111111111111111100000000000000000000000000000000000000000
000000000000000000000000000000000001111111100000001111111000000001111111111111111111111111111111111111110000000000000000000000000000000000000000
000000000000000000000000000000000011111111100000001111111000000001111111111111111111111111111111111111111000000000000000000000000000000000000000
000000000000000000000000000000000111111111100000001111111000000001111111111111111111111111111111111111111000000000000000000000000000000000000000
000000000000000000000000000000000111111111100000001111111000000001111111111111111111111111111111111111111100000000000000000000000000000000000000
000000000000000000000000000000001111111111100000001111111000000001111111111111111111111111111111111111111110000000000000000000000000000000000000
000000000000000000000000000000011111111111100000001111111000000011111111111111111111111111111111111111111110000000000000000000000000000000000000
000000000000000000000000000000111111111111100000001111111000000011111111111111111111111111111111111111111111000000000000000000000000000000000000
000000000000000000000000000001111111111111100000011111111000000011111111111111111111111111111111111111111111000000000000000000000000000000000000
000000000000000000000000000001111111111111100000011111111000000011111111111111111111111111111111111111111111100000000000000000000000000000000000
000000000000000000000000000011111111111111100000011111111000000011111111111111111111111111111111111111000000000000000000000000000000000000000000
000000000000000000000000000011111111111111100000011111111000000011111111111111111111111111111111111111100000000000000000000000000000000000000000
000000000000000000000000000111111111111111100000011111111000000011111111111111111111111111111111111111110000111000000000000000000000000000000000
000000000000000000000000000111111111111111100000011111111000000011111111111111111111111111111111111111110001111000000000000000000000000000000000
000000000000000000000000001111111111111111100000011111111000000011111111000000001111111111001111111111110011111100000000000000000000000000000000
000000000000000000000000001111111111111111100000011111111000000111111111000000011111111111001111111111110011111100000000000000000000000000000000
000000000000000000000000001111111111111111100000011111111000000111111111110000111111111111001111111111100011111110000000000000000000000000000000
000000000000000000000000011111111111111111101100001111110000000111111111111000111111111110000111111111100111111110000000000000000000000000000000
000000000000000000000000011111111111111111101110000111100000000111111111111000011111111110000111111111100111111111000000000000000000000000000000
000000000000000000000000011111111111111111101110000011000000001111111111111100011111111110000011111111100111111111000000000000000000000000000000
000000000000000000000000011111111111111111111110011000000000011111111111111100011111111100000011111111000111111111000000000000000000000000000000
000000000000000000000000011111111111111111111111111000000011111111111111111100001111111100100001111111001111111111100000000000000000000000000000
000000000000000000000000011111111111111111111111011100011111111111111111111110001111111101110001111111001111111111100000000000000000000000000000
000000000000000000000000111111111111111111111111111111111111111111111111111110000111111001110000111110001111111111100000000000000000000000000000
000000000000000000000000111111111111111111111111111111111111111111111111111110000111111011111000111110011111111111100000000000000000000000000000
000000000000000000000000111111111111111111111111111111111111111111111111111111000111111011111000111110011111111111100000000000000000000000000000
000000000000000000000000111111111111111111111111111111111111111111111111111111000011110011111100011110011111111111100000000000000000000000000000
000000000000000000000000111111111111111111111111111111111111111111111111111111100011110111111100011100011111111111100000000000000000000000000000
000000000000000000000000111111111111111111111111111111111111111111111111111111100011110111111100001100111111111111100000000000000000000000000000
000000000000000000000000111111111111111111111111111111111111111111111111111111100001100111111110000000111111111111100000000000000000000000000000
000000000000000000000000011111111111111111111111111111111111111111111111111111110001101111111110000000111111111111100000000000000000000000000000
000000000000000000000000011111111111111111111111111111111111111111111111111111110000001111111111000001111111111111100000000000000000000000000000
000000000000000000000000011111111111111111111111111111111111111111111111111111110000001111111111000001111111111111000000000000000000000000000000
000000000000000000000000011111111111111111111111111111111111111111111111111111111000011111111111000001111111111111000000000000000000000000000000
000000000000000000000000001111111111111111111111111111111111111111111111111111111000011111111111100001111111111111000000000000000000000000000000
000000000000000000000000001111111111111111111111111111111111111111111111111111111000011111111111100011111111111110000000000000000000000000000000
000000000000000000000000001111111111111111111111111111111111111111111111111111111100111111111111110011111111111110000000000000000000000000000000
000000000000000000000000000111111111111111111111111111111111111111111111111111111100111111111111110011111111111100000000000000000000000000000000
000000000000000000000000001111111111111111111111111111111111111100000111111111111111111111111111111111111111111000000000000000000000000000000000
000000000000000001111111111111111111111111111111111111111111000000000000000000111111111111111111111111111111110000000000000000000000000000000000
000000000000001111111111111111111111111111111111111111111000000000000000000000001111111111111111111111111111100000000000000000000000000000000000
000000000011111111000011111111111111111111111111111110000000000000000000000000000001111111111111111111111110000000000000000000000000000000000000
000000111111111000000001111111111111111111111111111000000000000000000000000000000000011111111111111111111000000000000000000000000000000000000000
001111111110000000000000111111111111111111111111111000000000111111111000000000000000000011111111111111100000000000000000000000000000000000000000
011111100000000000000000011111111100000111111111111100000111111111111111111111111111100000001111111000000000000000000000000000000000000000000000
111000000000000000000000001111111110000001111111111111001111111111111111111111111111110000000000000000000000000000000000000000000000000000000000
111000000000000000000000001111111111001111111111111111111111111111111111111111111111111100000000000000000000000000000000000000000000000000000000
111000000011111000000000000111111111111110011111111111111100011111111111111111111111111110000000000000000000000000000000000000000000000000000000
011000000111111100001110000011111111111000000001111111111000000000000000000000011111111111000000000000000000000000000000000000000000000000000000
011000000111011101111111000001111111000000000000011111100000000000000000000000001111111111100000000000000000000000000000000000000000000000000000
011000000110011111110011000000111100000000000000000000000000000000000000000000000011111111111000000000000000000000000000000000000000000000000000
011000000110001110000011100000000000000000000000000000000000000000000000000000000001111111111100000000000000000000000000000000000000000000000000
011000000110000000000001100000000000000000000000000000000000000000000000000000000000111111111100000000000000000000000000000000000000000000000000
011000000110000011110001110000000000000000000000000000000000010000000000000000000000011111111110000000000000000000000000000000000000000000000000
011000000110001111110000110000000000000000001111100000000000111110000000000000000000001111111111000000000000000000000000000000000000000000000000
011000000110011111110000110000000000000000011101110000000000110111000000000000000000000111111111000000000000000000000000000000000000000000000000
011000000110011101110000110000000000000000001101110000000000110110000000000000000000000111111111000000000000000000000000000000000000000000000000
011000000110011101110000110000000000000000011101100000000011110110000000011000000000000011111111000000000000000000000000000000000000000000000000
011000000110011101110000110000011000000011111011100000011111100110000011111110000000000011111111000000000000000000000000000000000000000000000000
011000000110011101110000110001111100001111110011100000111100000110001111100111000000000011111111000000000000000000000000000000000000000000000000
011000000110011101110001110111101110011100011011100001110001001110001110011011100000000011111111000000000000000000000000000000000000000000000000
011000000110011101110001110111110111011001111011100001110111111110001101111001100000000011111111000000000000000000000000000000000000000000000000
011000000110011101110001100111111011011011111011100001111111111100001101111101100000000111111110000111000000000000000000000000000000000000000000
011000000110011111100001100111111011011011011011100001111101111100001101101101100000000111111110011111111111110000000000000000000000000000000000
011000000110011111100001100111111011011011011011100001111101111100001101101101100000000111111111111111111111110000000000000000000000000000000000
011000000110011110000011100111111011011011111011100001111111101100001101101101100000001111111111111111111111110000000000000000000000000000000000
011000000111111100000111100110111111001111111111100000111111111100001101111111100000001111111111111111111111110000000000000000000000000000000000
011000000111110000111111000110011110000111111111100000111111111100001110111111000000011111111111111111111111111000000000000000000000000000000000
011000000111111111111100000111011100000011111111100000011111111110000111111110000000011111111110000000011111111000000000000000000000000000000000
011000000111111111100000000011111000000001111111100000001111111110000011111100000000011111111100000000001111111000000000000000000000000000000000
011000000000111100000000000001110000000000001111100000000000110110000001111000000000011111111100000000001111111000000000000000000000000000000000
011000000000110000000000000000000000000000001101100000000000110110000000000000000000000111111100000000001111111000000000000000000000000000000000
011000000000000000000000000000000000000111001101110000011000110110000000000000000000000000100000000000001111111100000000000000000000000000000000
011000000000000000000011000000000000011111001101110011111000110110000000000000000000000000000000000000001111111111111110000000000000000000000000
011000000000000000000111100000000001111110001101111111111000110110000000000000000000000000000000000000000111111111111111100000000000000000000000
011000000000000000001111110000000011111100001101111111110001110110000000000000000000000000000000000000000000000111111111110000000000000000000000
011000000000000000011111111000000011111110011101111111110001110110000000000000000000000000000000000000000000000001111111111111111110000000000000
011000000000000001111111111100000000111111111011100011111111101110000000000000000000000000000011111000000000000001111111111111111111000000000000
011100000000000011111111111110000000011111110111000001111111011110000000111111110000011000001111111100000000000000111111111111111111000000000000
001110000000000111111111111110000000000111101110000000111101111000000001111111110000111100001111011100000000000000011100000011111111100000000000
000111100000001111111111111111000000000011111100000000001111100000000001100001110000111100000111011100000000000000000000000001111111110000000000
000011110000111111111111110001100000000000110000000000000111000000000000110011100000111100000011011000000000000000000000000000111111111000000000
000000111101111111111111100001110000000000000000000000000000000000000000011011100001111110000011111000000000000000000000000000111111111000000000
000000001111111111111111000000111000000000000000000000000000000000000000001101100001110110000111110000000000000000000000000000011111111100000000
000000000011111111111100000000011100000000000000000000000000000000000000001101100001100111000111110000000000000000000000000000001111111110000000
000000000011111111111000000000001110000000000000111100000000000000000000000110110001100011000110110000000000000000000000000000000111111111000000
000000000000000000000000000000000111000000000001111110000000000000000000000110110011100011100110110000000000000000000000000000000011111111000000
000000000000000000000000000000000011000000000111111110000000000011110000000110110011111001100111110000000000000000000000000000000001111111100000
000000000000000000000000000000000001100000001111111111000000000111110000000011011011111101111111100000000000000010000000000000000001111111110000
000000000000000000000000000000000001110000011111111111100000011111110000000011011111111101111111100000000000000111110001111100000000111111110000
000000000000000000000000000000000000111001111111111111110000111111111000000011111111111110111101100000110011100111111111101110000000011111111000
000000000000000000000000000000000000011111111111111110110001111111111000000001101111111110111111100001111111000110111110000111000000011111111100
000000000000000000000000000000000000001111111111111100011111111111111100000001101111110111011111000011101111000110111001111011100000001111111100
000000000000000000000000000000000000000011111111111000011111111111111100000000111101110011000011000111001111000110000011111101100000000111111110
000000000000000000000000000000000000000001111111100000001111111111001110000000110001100011100011000110111111000110001111001111110000000011111111
000000000000000000000000000000000000000000000000000000000111111110000110000000111001100001100011000111111111000110011100000111110000000001111111
000000000000000000000000000000000000000000000000000000000000011100000111000000011011100001110111000111111111000110011000000111000000000001111110
000000000000000000000000000000000000000000000000000000000000000000000011000000011011000000110110000111111101100110011000000000000000000011111110
000000000000000000000000000000000000000000000000000000000000000000000011100000011111000000111110000111111101110110011000000000000000000011111110
000000000000000000000000000000000000000000000000000000000000000000000001100000001111000000111110000111111111111110011100000000000000000111111110
000000000000000000000000000000000000000000000000000000000000000000000001100000001111000000011110000111111111111111011100000000000000000111111100
000000000000000000000000000000000000000000000000000000000000000000000000110000000110000000011110000011110001100111111100000000000000001111111100
000000000000000000000000000000000000000000000000000000000000000000000000110000000110000000001100000000000000000011111000000000000000001111111000
000000000000000000000000000000000000000000000000000000000000000000000000111000000000000000000000000000000000000000000000000000000000011111111000
000000000000000000000000000000000000000000000000000000000000000000000000011000000000000000000000000000000000000000000000000000111000011111110000
000000000000000000000000000000000000000000000000000000000000000000000000011100000000000000000000000000000000000000000000000011111110111111110000
000000000000000000000000000000000000000000000000000000000000000000000000001100000000000000000000000000000000000000000000000111111111111111100000
000000000000000000000000000000000000000000000000000000000000000000000000001110000000000000000000000000000000000000000000011111111111111111100000
000000000000000000000000000000000000000000000000000000000000000000000000000110000000000000000000000000000000000000000000011111111111111111000000
000000000000000000000000000000000000000000000000000000000000000000000000000110000000000000000000000000000000000000000000111111111100001000000000
000000000000000000000000000000000000000000000000000000000000000000000000000011000000000000000000000111111111111111111111111111111100000000000000
000000000000000000000000000000000000000000000000000000000000000000000000000011000000011100000000001111111111111111111111111111111000000000000000
000000000000000000000000000000000000000000000000000000000000000000000000000001100011111111000000111111111111111111111111111111100000000000000000
000000000000000000000000000000000000000000000000000000000000000000000000000001111111111111111011111111111111111111111111111111000000000000000000
000000000000000000000000000000000000000000000000000000000000000000000000000000111111111111111111111111111111111111111111111110000000000000000000
000000000000000000000000000000000000000000000000000000000000000000000000000000111111111111111111111111111000111111111111110000000000000000000000
000000000000000000000000000000000000000000000000000000000000000000000000000000011111111111111111111111100000000000000000000000000000000000000000
000000000000000000000000000000000000000000000000000000000000000000000000000000000011111100000000001100000000000000000000000000000000000000000000
000000000000000000000000000000000000000000000000000000000000000000000000000000000011100000000000000000000000000000000000000000000000000000000000
000000000000000000000000000000000000000000000000000000000000000000000000000000000000000000000000000000000000000000000000000000000000000000000000
