000000000000000000000000000000000000000000000000000000000000000000000000000000000000000000000000000000000000000000000000000000000000000000000000
000000000000000000000000000000000000000000000000000000000000000000000000000000000000000000000000000000000000000000000000000000000000000000000000
000000000000000000000000000000000000000000000000000000000000000000000000000000000000000000000000000000000000000000000000000000000000000000000000
000000111111111111111111111111111111111111111111111111111111111111111111111111111111111111111111111111111111111111111111111100000000000000000000
000001111111111111111111111111111111111111111111111111111111111111111111111111111111111111111111111111111111111111111111111111100000000000000000
000011100000000000000000000000000000000000000000000000000000000000000000000000000000000000000000000000000000000000000000000011111100000000000000
000110000000000000000000000000000000000000000000000000000000000000000000000000000000000000000000000000000000000000000000000000011110000000000000
001100000000000000000000000000000000000000000000000000000000000000000000000000000000000000000000000000000000000000000000000000000111000000000000
001100000000000000000000000000000000000000000000000000000000000000000000000000000000000000000000000000000000000000000000000000000001100000000000
001100000000000000000000000000000000000000000000000000000000000000000000000000000000000000000000000000000000000000000000000000000001110000000000
001100000000000000000000000000000000000000000000000000000000000000000000000000000000000000000000000000000000000000000000000000000000111000000000
001100000000000000000000000000000000000000011110000000000000000000000000000000000000000000000000000000000000000000000000000000000000011000000000
001100000000000000000000000000000000000000111111000000000000000000000000000000000000000000000000000000000000000111110000000000000000001100000000
001100000000000000000000000000000000000000110111000000000000000000000000000000000000000000000000000000000000001111111000000000000000001100000000
001100000000000000000000001100000000000000110011000000000000000000000000000000000000000000000000000000000000001100011000000000000000001100000000
001100000000000000000000011110000000000000110011000000000000000000000000000000000000000000000000000000000000001100011000000000000000001100000000
001100000000000000000000111111000000000000110011000000000000000000000000000000000000000000000000000000000000001100011000000000000000001100000000
001100000000000000000011100011000000000000110011000000000000000000000000000000000000011000000000000000000000001100011000000000000000001100000000
001100000000000000000111000111110000011111110011011110000000000001111000000000000111111000011111111000011111111100011111110000000000001100000000
001100000000000000001110011111111000111111100111111111000000000111111100000000001111111000111111111100011111111100011111111000000000001100000000
001100000000000000111000111001111000110001100011100011000000011111001111000000000110001101100000001110010000000000000000011000000000001100000000
001100000000000001110001110000110000100000000000000010000001111100000011100000000111001111000000000111110000000000000000011000000000001100000000
001100000000000001100001100000000001100000000000000110000011110000000001110000000011001110000000000011110000000000000000001100000000001100000000
001100000000000001110001110000000001111110000011111110000111000011111000110000000011001110000111100111111000010000000011011100000000001100000000
001100000000000000111000111000000000111111100111111110000110000111111100011000000011000100001111111110011111111100011111111100000000001100000000
001100000000000000001110011100000000000011100110000000000110001110001100011000000011000000011100111100001110001100011100000000000000001100000000
001000000000000000000111001110000000000001100110000000000110001100001100011000000011000000111000011000000000001100011000000000000000001100000000
001100000000000000000011100111000000000001100110000000000110001100001100011000000011000001100000000000000000001100001100000000000000001100000000
001100000000000001110000110011100000000001100110000010000110001100001100001110000011000011000000000000000000001100001100011000000000001100000000
001100000000000011111000011101110000000001100110001111000110011100111000000111100011000110000000000000000000001100001100111100000000001100000000
000110000000000011011100001110110000000011000110111111000110001111110110000001110011000110000000000000000000001100001100110110000000011000000000
000110000000000110001110000111110000000011000111110001100110000111101111000000110010000110000000000000000000001100001101100110000000011000000000
000111000000001100000111000111110000000011000111000001100110000010011111100001110110000110000000000000000000001100001111101100000000011000000000
000011000000001111000011111111000000000011000000000111000111100000011001110011100110000110000000000000000000001100000010011100000000110000000000
000011100000000111111001111110000000000011000000011110000011111000110000111110000110000110000000000000000000001100000000111000000000110000000000
000001111000000000111111111100000000000011110000111000000000011111100000011100000111111110000000000000000000001111100001110000000011100000000000
000000111111000000000111111000000000000011111111110000000000000111100000001000000011111100000000000000000000000111111111100000000111000000000000
000000000111111111111111111111111111111111111111111111111111111111111111111111111111111111111111111111111111111111111111111111111110000000000000
000000000000111111111111111111111111111111111111111111111111111111111111111111111111111111111111111111111111111111111111111111111000000000000000
000000000000000000000000000000000000000000000000000000000000000000000000000000000000000000000000000000000000000000000000000000000000000000000000
000000000000000000000000000000000000000000000000000000000000000000000000000000000000000000000000000000000000000000000000000000000000000000000000
000000000000000000000000000000000000000000000000000000000000000000000000000000000000000000000000000000000000000000000000000000000000000000000000
000000000000000000000000000000000000000000000000000000000000000000000000000000000000000000000000000000000000000000000000000000000000000000000000
000000000000000000000000000000000000000000000000000000000000000000000000000000000000000000000000000000000000000000000000000000000000000000000000
000000000000000000000000000000000000000000000000000000000000000000000000000000000000000000000000000000000000000000000000000000000000000000000000
000000000000000000000000000000000000000000000000000000000000000000000000000000000000000000000000000000000000000000000000000000000000000000000000
000000000000000000000000000000000000000000000000000000000000000000000000000000000000000000000000000000000000000000000000000000000000000000000000
