00000000000000000000000000000000000000000000000000000000000000000000000000000000000000000000000000000000000000000000000000000000000000000000000000000000000000000000000000000000000000000000000000000000000000000000000000000000
00000000000000000000000000000000000000000000000011111111111111111111111111111111111111111111111111111111111111111111111111111111111111111111111111111111100000000000000000000000000000000000000000000000000000000000000000000000
00000000000011111111111111111111111111111111111111111111111111111111111111111111111111111111111111111111111111111111111111111111111111111111111111111111111111111111111111111111111111111111110000000000000000000000000000000000
00000000001110000000000000000000000000000000000000000000000000000000000000000000000000000000000000000000000000000000000000000000000000000000000000000000000000000000000000000000000000000000011100000000000000000000000000000000
00000000111000000000000000000000000000000000000000000000000000000000000000000000000000000000000000000000000000000000000000000000000000000000000000000000000000000000000000000000000000000000000111000000000000000000000000000000
00000001100000000000000000000000000000000000000000000000000000000000000000000000000000000000000000000000000000000000000000000000000000000000000000000000000000000000000000000000000000000000000001100000000000000000000000000000
00000011000000000000000000000000011111100000000000000000000000000000000000000000000000000000000000000000000000000000000000000000000000000000000000000000000000000000000000000000000000000000000000110000000000000000000000000000
00000010000000000000000000000000011001100000000000000000000000000000000000000000000000000000000000000000000000000000000000000000000000000000000000000000000000000000000000000000000000000000000000011000000000000000000000000000
00000110000000000000000000000000011000100000000000000000000000000000000000000000000000000000000000000000000000000000000000000000000000000000000000000000000000000000000000000000000000000000000000001000000000000000000000000000
00000100000000000000000000000000011001100000000000000000000000000000000000000000000000000000000000000000000000000000000000000000000000000000001110000000000000000000000000000000000000000000000000001110000000000000000000000000
00000100000000000000000110000000011001100000000000000000000000000000000000000000000000000000000000000000000000000000000000000000000000000000111010000000000000000000000000000000000000000000000000000111000000000000000000000000
00000100000000000001111110000000010001100000000000000000000000000000000000000000000000000000000000000000000000000000000000000000000000000000110010000000000000000000000000000000000000000000000000000100110000000000000000000000
00000100000000111111000010000000010001100000000000000000000000000000000000000000000000000000000000000000000000000000000000000000000000000000110010000000000000000000000000000000000000000000000000000100111100000000000000000000
00000100000011110000000010000000010001100000000000000000000000000000000000000000000000000000000000000000000000000000000000000000000000000000110010000000000000000000000000000000000000000000000000000111110110000000000000000000
00000100000011000001110010000000010001100000000000000000000000000000000000000000000000000000000000000000000000000000000000000000000000000000110010000000000000000000000000000000000000000000000000000110100111100000000000000000
00000100000011111111110110000000010001100000000000000000000000000000000000000000000000000000000000000000000000000000000000000000000000000000010010000000000000000000000000000000000000000000000000000111111100100000000000000000
00000100000001110000110110000000010001100000000000000000000000000000000000000000000000001111000000000000000000000000000000000011000000000000010010000000000000000000000000000000000000100000000000000011111000110000000000000000
00000100000000000000110110000000010001100000000000000000000000000000000000000000000000011101000000000000000000000000000000000111000000000000010011000000000000001000000000010000011111110000000000000011011011111000000000000000
00000100000000000000110110000000010001100000000000000000000000000000000000000000000000010001000000000000000000000000000000001101000000000000010011000000010000011011111111111011111001100000000000000010110111011000000000000000
00000100000000000000110110000000010001100000000000000000000000000000000000000000000000010001000000000000000000000000000000001011000001100000010011000000111000011010000000010010000011000000000000000010111110011000000000000000
00000100000000000000110100000000010001100000000000000000000000000000000000000000000000010001000000000000000000000000000000011011000111110000010011000011101100111010000000110010010010000000000000000011111100011000000000000000
00000100000000000000100100000011110001100000000000000000000000000000000000000000000000010001000000000000000000000000000000011010111100011000010011000110000110101010000011100011110110000000000000000011101101111000000000000000
00000100000000000000100111111111110001100000000000000000000000000000000000000000001111110001111110000001110000000000000000011011100000001100010011001100010011101011111011000001101100000000000000000011011011111000000000000000
00000100000000000000100000000000000001100000000110000111111000011000111111000000001000000000000010000001111100000000000000011110000000000011010011011000011001001000001101110011001000000000000000000010111111011000000000000000
00000100000000000000100001111111110001100000001110001111111000011000011001000000001000000000000010000011000111000000000000010000011111000001010011010000111110001000000110011110011000000000000000000011111110011000000000000000
00000100000000000000100111111100010001100000111001001000011000111100001001000000001111110000000110000110000001100000000000010000110001100001010011010000100011001000000010000100110000000000000000000011111101111000000000000000
00000100000000000000100100000000010001100001100001101100110000100100011011000000001111110001111110001100000000100000000000010000110000100011010011011001000011001100000001000000100000000000000000000011011111111000000000000000
00000100000000000000100100000000010001000111001100110100100001100110010010000000000000010001000000011000111000100000000000010000111000100010010011011001000011001100000001100001000000000000000000000010111111011000000000000000
00000100000000000000100100000000010001000110111010010110110001000010010010000000000000010001000000010001101100100000000000010000001111100010010011011001000010000100000000110001000000000000000000000011111111111000000000000000
00000100000000000000100100000000010001000010010011010010010011010010110110000000000000010001000000010001000110100000000000010000000001000010010011001001001100000110000000011001000000000000000000000011011111111000000000000000
00000100000000000001100100000000010001000010010010010010011010111011100100000000000000010001011100010001000111100000000000010001110000000110010001001001111011000011000000011001000000000000000000000010111111111000000000000000
00000100000000000001000100000000010001000010010010110011001010101001101100000000000000010001110110010001000111100000000000010001111110000100011011001000000011100001000000001001000000000000000000000011110111011000000000000000
00000100000000000011001100000000010001000010010110110001001111101101101000000000000000010001100010010001100101100000000000010001100011110100011111001000000110110011000000001001000000000000000000000111011100111000000000000000
00000110000000000010001100000000010001000010011100100001101101000101001000000000000000010000000011011001111101000000000000010001100000011100001000001111111100011110000000001001000000000000000000000100111001111000000000000000
00000110000000000111001000000000010001000011000000100000100011000100011000000000000000010000000011011000001011000000000000010000100000000000000000000000111000001100000000001001000000000000000000000101110111011000000000000000
00000010000000000001111000000000010001000011000111000000110010000110010000000000000000011000001100001111000110000000000000010000100000000000000000000000000000000110000000001001000000000000000000001111101110011000000000000000
00000011000000000000000000000000010001000001111100000000010110000010010000000000000000001100111000000001111100000000000000110000100000000000000000000000000000011111111111111001000000000000000000001111011100111000000000000000
00000001100000000000000000000000011111000000000000000000011100000011110000000000000000000111100000000000000000000000000000110000100000000000000000000000000000111000000000000001100000000000000000011110111001111000000000000000
00000000111000000000000000000000000000000000000000000000011100000001100000000000000000000011000000000000000000000000000000111111100000000000000000000000000000001111111111111111000000000000000001111111110011011000000000000000
00000000001111111111100000000000000000000000000000000000001000000001100000000000000000000000000000000000000000000000000000000111100000000000000000000000000000000000000000000000000000000000001111111111101110111000000000000000
00000000000101111111111111111111111111111111111111111111111111111111111111111111111111111111111111111111111111111111111111111111111111111111111111111111111111111111111111111111111111111111111110111111011111110000000000000000
00000000000100100111001100011000110001100001100011000011100011000110000111000110001100011100011100111000111000111000110001100001000011100111000110000111001110001100011100011100011000111011001101111110111111110000000000000000
00000000001101001110011100110001110011000011000111000111000110001110001110001110011000111000111001110001110001110001100011100011000111001110001110001110011100011000111000111000111001110110111011111111111111110000000000000000
00000000001111011110111001110011100111000111001110001110011100011100011100011100111001111001110011100011100011100111100111001110001110011100011100011100111000111001110001110011100111111101100111111111111111010000000000000000
00000000001111111101111011100111001110001110011100111110111100111100111100111001110011110011100111100111000111001111001110011110011110111100111100111101111001110011100011100111001111111011011111111111111111010000000000000000
00000000001111101011010111101111011110011110111101101101101001101001101001111011110110101101101111001111011111011010111110110100111101101001111001111011010011110111101111011110111111111110111111111111111110110000000000000000
00000000000110011110111101011010111101101101111011001011011011011011011011010111101101111011011010110110110110110111101101101101101011011011010011010110111101101111011110111101111111111001110111111111111111110000000000000000
00000000000110011100111011110111101011001111010110011110010110010110010110111101011011110111110111100101100111101111001011011011011110010110110110111101111001011110111111111111111111110011101111111011111110110000000000000000
00000000000110111001110011101111011110011100111100111100111100111100111101111011110111100111001111001111001110001110011110011100111100111100111001110001110011111111111110111101111111100111011101110111011100100000000000000000
00000000000011110001110111001110011100111001111000111000111000111000110001110011100111001110011110011100011100011100111000111000111000110001110011100011100111001110111101111011101110001110111011101110111001100000000000000000
00000000000001100011100110011100111000110001100001110001110001110001100011100111001110011100011100111000111000111001110000110001110001100011100011000111000110011101110011100111011100011001110110011101110011000000000000000000
00000000000001111111001100011001110001100011000011100011100001100011000011001110011000111000110000110000110000110001100001100011100011000011000110000110001100111011100111001110011000110011001100111011111110000000000000000000
00000000000000001111111111111111111111111111111111111111111111111111111111111111111111111111111111111111111111111111111111111111111111111111111111111111111111111111111111111111111111111111111111111111111100000000000000000000
00000000000000000000000000000000000000000000000000000000000000000000000000000000000000000000000000000000000000000000000000000000000000000000000000000000000000000000000000000000000000000000000000000000000000000000000000000000
00000000000000000000000000000000000000000000000000000000000000000000000000000000000000000000000000000000000000000000000000000000000000000000000000000000000000000000000000000000000000000000000000000000000000000000000000000000
00000000000000000000000000000000000000000000000000000000000000000000000000000000000000000000000000000000000000000000000000000000000000000000000000000000000000000000000000000000000000000000000000000000000000000000000000000000
