000000000000000000000000000000000000000000000000000000000000000000000000000000000000000000000000000000000000000000000000000000000000000000000000
000000000000000000000000000000000000000000000000000000000000000000000000000000000000000000000000000000000000000000000000000000000000000000000000
000000000000000000000000000000000000000000000000000000000000000000000000000000000000000000000000000000000000000000000000000000000000000000000000
000000000000111111111111111111111111111111111111111111111111111111111111111111111111111111111111111111000000000000000000000000000000000000000000
000000000011111111111111111111111111111111111111111111111111111111111111111111111111111111111111111111111111111111111111100000000000000000000000
000000000111111111100111111111111111111111111111111111111111111111111111111111111111111111111111111111111111111111111111111100000000000000000000
000000001110000000000000000000000000000000000000000000000000000000000000000000000000000000000000000000000000000000000000111110000000000000000000
000000011100000000000000000000000000000000000000000000000000000000000000000000000000000000000000000000000000000000000000000111000000000000000000
000000011000000000000000000000000000000000000000000000000000000000000000000000000000000000000000000000000000000000000000000011100000000000000000
000000011000000000000000000000011111111111111111111110000000000000000000000000000000000000111111000000000000000000000000000001110000000000000000
000000011000000000000000000000011111111111111111111110000000000000000000000000000000000001111111100000000000000000000000000000110000000000000000
000000011000000000000000000000011100000000000000000110000000000000000000000000000000000001100011100000000000000000000000000000110000000000000000
000000011000000000000000000000011000000000000000000010000000000000000000000000000000000001100011100000000000000000000000000000111000000000000000
000000011000000000000000000000011000000000000000000010000000000000000000000000000000000001100011100000000000000000000000000000111000000000000000
000000011000000000000000000000011000000000000000000110000000000000000000000000000000000001100011000000000000000000000000000000111110000000000000
000000011000000000000000000000011000000000000000001110000000000000000000000000000000000001100111000000000000000000000000000000111111100000000000
000000011000000000000000000000011011111111111111111110000000000000000000000000000000000001100111000000000000000000000000000000110111110000000000
000000011000000000000000000000011111111111111111111100000000000000000000000000000000000001100110000000000000000000000000000000111111111000000000
000000011000000000000000000000011111000000000000000000000000000000000000000000000000000001100110000000000000000000000000000000111111111100000000
000000011000000000000000000000011111000000000000000000000000000000000000000000000000000001100110000000000000000000000000000000111111111100000000
000000011000000000000000000000011111000000000000000000000000000000000000000000000000000001100110000000000000000000000000000000111111111110000000
000000011000000000000000000000011111000000000000000000000000011100000000000000000000000001110110000000000000000000000000000000111111111110000000
000000011000000000000000000000011011000000000000000000000001111111111000000000000001111000110111000000000000000000000000000000111111111110000000
000000011000000000000000000000010011111111111111000000000011111111111110000000000011111110010111000000000000000000000000000000111111111110000000
000000011000000000000000000000110011111111111111100000000001111110000111100000000111000111111111000000000000000000000000000000111111111110000000
000000011000000000000000000000110000000000000001100000000001111000000001111000001110111011111111000000000000000000000000000000111111111110000000
000000011000000000000000000000110000000000000001100000000000110000000000111100001100111100111011100000000000000000000000000000111111111110000000
000000011000000000000000000000110011111110000011100000000000110000011000001100011101111111000011100000000000000000000000000000111111111110000000
000000011000000000000000000000110111111111111111000000000000110011111111001100011101101111100001100000000000000000000000000000111111111110000000
000000011000000000000000000000110111000000111111000000000000110111100111100110001101100011100001100000000000000000000000000000011111111110000000
000000011000000000000000000000110111000000000000000000000000110110000001100110001101111111111001110000000000000000000000000000011111111110000000
000000011000000000000000000000110011000000000000111110000000110110000001100110001100111100111000110000000000000000000000000000011111111110000000
000000011000000000000000000000110011111111111111111110000000110111000001110110001100110011111000110000000000000000000000000000011111111110000000
000000011000000000000000000000110011111111111111111110000000110111000000110010001110011111111101110000000000000000000000000000111111111110000000
000000011100000000000000000000110000000000000000000110000000110011000000110111000111111110001111110000000000000000000000000000111111111110000000
000000001100000000000000000000110000000000000000000110000000111111000000111111000111111000001111100000000000000000000000000000111111111110000000
000000001110000000000000000000110000000000000000000110000000111111000000111110000001000000000000000000000000000000000000000001111111111110000000
000000000111100000000000000000110000011111111111111110000000011111000000000000000000000000000000000000000000000000000000000011111111111110000000
000000000001111110000000000000111111111111111111111110000000010000000000000000000000000000000000000000000000000000000000000111111111111110000000
000000000000001111111111111111111111111111111111111111111111111111111111111111111111111111111111111111111111111111111111111111111111111100000000
000000000000000111111111111111111111111111111111111111111111111111111111111111111111111111111111111111111111111111111111111111111111111110000000
000000000000000110011111111111111111111111111111111110111110111111111111111001111101111001111001111001111001111111111111111111111111111100000000
000000000000000111111111111111111111111111111111111111111111111111111111110011111111111111110111111111111011111111111111111111111111111100000000
000000000000000111111111111111111111111111111111111111111111111111111111111111111111111111111111111111111111111111111111111111111111111100000000
000000000000000011101111111111111111111111111111111111111111111111111111111111111111111111111111111111111111111111111111111111111111111100000000
000000000000000001111111111111111111111111111001111001111111111111111111111111111111111111110111110111111111111111111110011111111111111000000000
000000000000000000111111111111110011110011110011110111110111100111100111100111101111111111000111100111111111011110111100111111111111110000000000
000000000000000000111111111111101111110111100111101111101111101111101111101111111111111111001111101111111110111111111111111111111111100000000000
000000000000000000011111111111111111111111111111111111111111111111111111111111111111111111111111111111111111111111111111111111111110000000000000
000000000000000000000111111111111111111111111111111111111111111111111111111111111111111111111111111111111111111111111111111111110000000000000000
000000000000000000000000000000000000000000000000000000000000000000000000000000000000000000000000000000000000000000000000000000000000000000000000
000000000000000000000000000000000000000000000000000000000000000000000000000000000000000000000000000000000000000000000000000000000000000000000000
000000000000000000000000000000000000000000000000000000000000000000000000000000000000000000000000000000000000000000000000000000000000000000000000
